[] [12, -16] [-192]
[] [3, -57] [-171]
[] [97, 47] [4559]
[] [76, -78] [-5928]
[] [-73, -75] [5475]
[] [-9, -68] [612]
[] [13, -69] [-897]
[] [91, -72] [-6552]
[] [58, 52] [3016]
[] [94, -31] [-2914]
[] [33, -10] [-330]
[] [1, -80] [-80]
[] [18, -55] [-990]
[] [-8, -88] [704]
[] [53, 52] [2756]
[] [76, 35] [2660]
[] [-4, -45] [180]
[] [87, -68] [-5916]
[] [42, -79] [-3318]
[] [0, -79] [0]
[] [71, -43] [-3053]
[] [24, -79] [-1896]
[] [46, 40] [1840]
[] [49, -21] [-1029]
[] [-31, -86] [2666]
[] [38, -43] [-1634]
[] [13, -92] [-1196]
[] [55, 11] [605]
[] [75, -82] [-6150]
[] [22, 3] [66]
[] [-19, -39] [741]
[] [1, -85] [-85]
X1=read(2);;  =  -102000
AVG fitness:  -102020
Nr of point mutations:  23
Nr of subtree mutations:  24

Generation 18  ------------------------
Epochs without improvement: 2

Best fitness: -102000  best indiv:
[] [88, 59] [5192]
[] [26, -98] [-2548]
[] [78, 21] [1638]
[] [1, -40] [-40]
[] [-29, -34] [986]
[] [-6, -34] [204]
[] [54, -96] [-5184]
[] [16, -15] [-240]
[] [43, -93] [-3999]
[] [-20, -62] [1240]
[] [36, -20] [-720]
[] [48, -83] [-3984]
[] [79, -98] [-7742]
[] [-36, -87] [3132]
[] [-11, -37] [407]
[] [20, 16] [320]
[] [15, -52] [-780]
[] [-32, -37] [1184]
[] [-33, -57] [1881]
[] [-30, -79] [2370]
[] [16, -22] [-352]
[] [10, -89] [-890]
[] [20, -47] [-940]
[] [82, -31] [-2542]
[] [65, 30] [1950]
[] [-10, -76] [760]
[] [22, -99] [-2178]
[] [21, -31] [-651]
[] [5, -8] [-40]
[] [88, 15] [1320]
[] [22, -36] [-792]
[] [68, -22] [-1496]
[] [53, 43] [2279]
[] [65, 19] [1235]
[] [60, -81] [-4860]
[] [-42, -74] [3108]
[] [80, -28] [-2240]
[] [98, -81] [-7938]
[] [63, 42] [2646]
[] [75, -62] [-4650]
[] [59, -33] [-1947]
[] [95, 44] [4180]
[] [-1, -75] [75]
[] [65, -92] [-5980]
[] [92, -93] [-8556]
[] [44, -76] [-3344]
[] [-38, -97] [3686]
[] [63, -50] [-3150]
[] [72, 49] [3528]
[] [55, 43] [2365]
[] [1, -86] [-86]
[] [-8, -49] [392]
[] [92, 40] [3680]
[] [60, -19] [-1140]
[] [78, -82] [-6396]
[] [1, -91] [-91]
[] [-25, -60] [1500]
[] [-64, -69] [4416]
[] [0, -74] [0]
[] [-63, -71] [4473]
[] [69, 16] [1104]
[] [17, -74] [-1258]
[] [59, 56] [3304]
[] [12, -42] [-504]
[] [21, 17] [357]
[] [-4, -55] [220]
[] [3, -47] [-141]
[] [-51, -71] [3621]
[] [12, -16] [-192]
[] [3, -57] [-171]
[] [97, 47] [4559]
[] [76, -78] [-5928]
[] [-73, -75] [5475]
[] [-9, -68] [612]
[] [13, -69] [-897]
[] [91, -72] [-6552]
[] [58, 52] [3016]
[] [94, -31] [-2914]
[] [33, -10] [-330]
[] [1, -80] [-80]
[] [18, -55] [-990]
[] [-8, -88] [704]
[] [53, 52] [2756]
[] [76, 35] [2660]
[] [-4, -45] [180]
[] [87, -68] [-5916]
[] [42, -79] [-3318]
[] [0, -79] [0]
[] [71, -43] [-3053]
[] [24, -79] [-1896]
[] [46, 40] [1840]
[] [49, -21] [-1029]
[] [-31, -86] [2666]
[] [38, -43] [-1634]
[] [13, -92] [-1196]
[] [55, 11] [605]
[] [75, -82] [-6150]
[] [22, 3] [66]
[] [-19, -39] [741]
[] [1, -85] [-85]
X1=read(2);;  =  -102000
AVG fitness:  -102000
Nr of point mutations:  21
Nr of subtree mutations:  10

Generation 19  ------------------------
Epochs without improvement: 3

Best fitness: -102000  best indiv:
[] [88, 59] [5192]
[] [26, -98] [-2548]
[] [78, 21] [1638]
[] [1, -40] [-40]
[] [-29, -34] [986]
[] [-6, -34] [204]
[] [54, -96] [-5184]
[] [16, -15] [-240]
[] [43, -93] [-3999]
[] [-20, -62] [1240]
[] [36, -20] [-720]
[] [48, -83] [-3984]
[] [79, -98] [-7742]
[] [-36, -87] [3132]
[] [-11, -37] [407]
[] [20, 16] [320]
[] [15, -52] [-780]
[] [-32, -37] [1184]
[] [-33, -57] [1881]
[] [-30, -79] [2370]
[] [16, -22] [-352]
[] [10, -89] [-890]
[] [20, -47] [-940]
[] [82, -31] [-2542]
[] [65, 30] [1950]
[] [-10, -76] [760]
[] [22, -99] [-2178]
[] [21, -31] [-651]
[] [5, -8] [-40]
[] [88, 15] [1320]
[] [22, -36] [-792]
[] [68, -22] [-1496]
[] [53, 43] [2279]
[] [65, 19] [1235]
[] [60, -81] [-4860]
[] [-42, -74] [3108]
[] [80, -28] [-2240]
[] [98, -81] [-7938]
[] [63, 42] [2646]
[] [75, -62] [-4650]
[] [59, -33] [-1947]
[] [95, 44] [4180]
[] [-1, -75] [75]
[] [65, -92] [-5980]
[] [92, -93] [-8556]
[] [44, -76] [-3344]
[] [-38, -97] [3686]
[] [63, -50] [-3150]
[] [72, 49] [3528]
[] [55, 43] [2365]
[] [1, -86] [-86]
[] [-8, -49] [392]
[] [92, 40] [3680]
[] [60, -19] [-1140]
[] [78, -82] [-6396]
[] [1, -91] [-91]
[] [-25, -60] [1500]
[] [-64, -69] [4416]
[] [0, -74] [0]
[] [-63, -71] [4473]
[] [69, 16] [1104]
[] [17, -74] [-1258]
[] [59, 56] [3304]
[] [12, -42] [-504]
[] [21, 17] [357]
[] [-4, -55] [220]
[] [3, -47] [-141]
[] [-51, -71] [3621]
[] [12, -16] [-192]
[] [3, -57] [-171]
[] [97, 47] [4559]
[] [76, -78] [-5928]
[] [-73, -75] [5475]
[] [-9, -68] [612]
[] [13, -69] [-897]
[] [91, -72] [-6552]
[] [58, 52] [3016]
[] [94, -31] [-2914]
[] [33, -10] [-330]
[] [1, -80] [-80]
[] [18, -55] [-990]
[] [-8, -88] [704]
[] [53, 52] [2756]
[] [76, 35] [2660]
[] [-4, -45] [180]
[] [87, -68] [-5916]
[] [42, -79] [-3318]
[] [0, -79] [0]
[] [71, -43] [-3053]
[] [24, -79] [-1896]
[] [46, 40] [1840]
[] [49, -21] [-1029]
[] [-31, -86] [2666]
[] [38, -43] [-1634]
[] [13, -92] [-1196]
[] [55, 11] [605]
[] [75, -82] [-6150]
[] [22, 3] [66]
[] [-19, -39] [741]
[] [1, -85] [-85]
X1=read(2);;  =  -102000
AVG fitness:  -102000
Nr of point mutations:  25
Nr of subtree mutations:  13

Generation 20  ------------------------
Epochs without improvement: 4

Best fitness: -102000  best indiv:
[] [88, 59] [5192]
[] [26, -98] [-2548]
[] [78, 21] [1638]
[] [1, -40] [-40]
[] [-29, -34] [986]
[] [-6, -34] [204]
[] [54, -96] [-5184]
[] [16, -15] [-240]
[] [43, -93] [-3999]
[] [-20, -62] [1240]
[] [36, -20] [-720]
[] [48, -83] [-3984]
[] [79, -98] [-7742]
[] [-36, -87] [3132]
[] [-11, -37] [407]
[] [20, 16] [320]
[] [15, -52] [-780]
[] [-32, -37] [1184]
[] [-33, -57] [1881]
[] [-30, -79] [2370]
[] [16, -22] [-352]
[] [10, -89] [-890]
[] [20, -47] [-940]
[] [82, -31] [-2542]
[] [65, 30] [1950]
[] [-10, -76] [760]
[] [22, -99] [-2178]
[] [21, -31] [-651]
[] [5, -8] [-40]
[] [88, 15] [1320]
[] [22, -36] [-792]
[] [68, -22] [-1496]
[] [53, 43] [2279]
[] [65, 19] [1235]
[] [60, -81] [-4860]
[] [-42, -74] [3108]
[] [80, -28] [-2240]
[] [98, -81] [-7938]
[] [63, 42] [2646]
[] [75, -62] [-4650]
[] [59, -33] [-1947]
[] [95, 44] [4180]
[] [-1, -75] [75]
[] [65, -92] [-5980]
[] [92, -93] [-8556]
[] [44, -76] [-3344]
[] [-38, -97] [3686]
[] [63, -50] [-3150]
[] [72, 49] [3528]
[] [55, 43] [2365]
[] [1, -86] [-86]
[] [-8, -49] [392]
[] [92, 40] [3680]
[] [60, -19] [-1140]
[] [78, -82] [-6396]
[] [1, -91] [-91]
[] [-25, -60] [1500]
[] [-64, -69] [4416]
[] [0, -74] [0]
[] [-63, -71] [4473]
[] [69, 16] [1104]
[] [17, -74] [-1258]
[] [59, 56] [3304]
[] [12, -42] [-504]
[] [21, 17] [357]
[] [-4, -55] [220]
[] [3, -47] [-141]
[] [-51, -71] [3621]
[] [12, -16] [-192]
[] [3, -57] [-171]
[] [97, 47] [4559]
[] [76, -78] [-5928]
[] [-73, -75] [5475]
[] [-9, -68] [612]
[] [13, -69] [-897]
[] [91, -72] [-6552]
[] [58, 52] [3016]
[] [94, -31] [-2914]
[] [33, -10] [-330]
[] [1, -80] [-80]
[] [18, -55] [-990]
[] [-8, -88] [704]
[] [53, 52] [2756]
[] [76, 35] [2660]
[] [-4, -45] [180]
[] [87, -68] [-5916]
[] [42, -79] [-3318]
[] [0, -79] [0]
[] [71, -43] [-3053]
[] [24, -79] [-1896]
[] [46, 40] [1840]
[] [49, -21] [-1029]
[] [-31, -86] [2666]
[] [38, -43] [-1634]
[] [13, -92] [-1196]
[] [55, 11] [605]
[] [75, -82] [-6150]
[] [22, 3] [66]
[] [-19, -39] [741]
[] [1, -85] [-85]
X1=read(1);;  =  -102000
AVG fitness:  -102000
Nr of point mutations:  29
Nr of subtree mutations:  27
45   generated again

Generation 21  ------------------------
Epochs without improvement: 0

Best fitness: -102000  best indiv:
[] [88, 59] [5192]
[] [26, -98] [-2548]
[] [78, 21] [1638]
[] [1, -40] [-40]
[] [-29, -34] [986]
[] [-6, -34] [204]
[] [54, -96] [-5184]
[] [16, -15] [-240]
[] [43, -93] [-3999]
[] [-20, -62] [1240]
[] [36, -20] [-720]
[] [48, -83] [-3984]
[] [79, -98] [-7742]
[] [-36, -87] [3132]
[] [-11, -37] [407]
[] [20, 16] [320]
[] [15, -52] [-780]
[] [-32, -37] [1184]
[] [-33, -57] [1881]
[] [-30, -79] [2370]
[] [16, -22] [-352]
[] [10, -89] [-890]
[] [20, -47] [-940]
[] [82, -31] [-2542]
[] [65, 30] [1950]
[] [-10, -76] [760]
[] [22, -99] [-2178]
[] [21, -31] [-651]
[] [5, -8] [-40]
[] [88, 15] [1320]
[] [22, -36] [-792]
[] [68, -22] [-1496]
[] [53, 43] [2279]
[] [65, 19] [1235]
[] [60, -81] [-4860]
[] [-42, -74] [3108]
[] [80, -28] [-2240]
[] [98, -81] [-7938]
[] [63, 42] [2646]
[] [75, -62] [-4650]
[] [59, -33] [-1947]
[] [95, 44] [4180]
[] [-1, -75] [75]
[] [65, -92] [-5980]
[] [92, -93] [-8556]
[] [44, -76] [-3344]
[] [-38, -97] [3686]
[] [63, -50] [-3150]
[] [72, 49] [3528]
[] [55, 43] [2365]
[] [1, -86] [-86]
[] [-8, -49] [392]
[] [92, 40] [3680]
[] [60, -19] [-1140]
[] [78, -82] [-6396]
[] [1, -91] [-91]
[] [-25, -60] [1500]
[] [-64, -69] [4416]
[] [0, -74] [0]
[] [-63, -71] [4473]
[] [69, 16] [1104]
[] [17, -74] [-1258]
[] [59, 56] [3304]
[] [12, -42] [-504]
[] [21, 17] [357]
[] [-4, -55] [220]
[] [3, -47] [-141]
[] [-51, -71] [3621]
[] [12, -16] [-192]
[] [3, -57] [-171]
[] [97, 47] [4559]
[] [76, -78] [-5928]
[] [-73, -75] [5475]
[] [-9, -68] [612]
[] [13, -69] [-897]
[] [91, -72] [-6552]
[] [58, 52] [3016]
[] [94, -31] [-2914]
[] [33, -10] [-330]
[] [1, -80] [-80]
[] [18, -55] [-990]
[] [-8, -88] [704]
[] [53, 52] [2756]
[] [76, 35] [2660]
[] [-4, -45] [180]
[] [87, -68] [-5916]
[] [42, -79] [-3318]
[] [0, -79] [0]
[] [71, -43] [-3053]
[] [24, -79] [-1896]
[] [46, 40] [1840]
[] [49, -21] [-1029]
[] [-31, -86] [2666]
[] [38, -43] [-1634]
[] [13, -92] [-1196]
[] [55, 11] [605]
[] [75, -82] [-6150]
[] [22, 3] [66]
[] [-19, -39] [741]
[] [1, -85] [-85]
X1=read(1);;  =  -102000
AVG fitness:  -120644
Nr of point mutations:  15
Nr of subtree mutations:  16

Generation 22  ------------------------
Epochs without improvement: 1

Best fitness: -102000  best indiv:
[] [88, 59] [5192]
[] [26, -98] [-2548]
[] [78, 21] [1638]
[] [1, -40] [-40]
[] [-29, -34] [986]
[] [-6, -34] [204]
[] [54, -96] [-5184]
[] [16, -15] [-240]
[] [43, -93] [-3999]
[] [-20, -62] [1240]
[] [36, -20] [-720]
[] [48, -83] [-3984]
[] [79, -98] [-7742]
[] [-36, -87] [3132]
[] [-11, -37] [407]
[] [20, 16] [320]
[] [15, -52] [-780]
[] [-32, -37] [1184]
[] [-33, -57] [1881]
[] [-30, -79] [2370]
[] [16, -22] [-352]
[] [10, -89] [-890]
[] [20, -47] [-940]
[] [82, -31] [-2542]
[] [65, 30] [1950]
[] [-10, -76] [760]
[] [22, -99] [-2178]
[] [21, -31] [-651]
[] [5, -8] [-40]
[] [88, 15] [1320]
[] [22, -36] [-792]
[] [68, -22] [-1496]
[] [53, 43] [2279]
[] [65, 19] [1235]
[] [60, -81] [-4860]
[] [-42, -74] [3108]
[] [80, -28] [-2240]
[] [98, -81] [-7938]
[] [63, 42] [2646]
[] [75, -62] [-4650]
[] [59, -33] [-1947]
[] [95, 44] [4180]
[] [-1, -75] [75]
[] [65, -92] [-5980]
[] [92, -93] [-8556]
[] [44, -76] [-3344]
[] [-38, -97] [3686]
[] [63, -50] [-3150]
[] [72, 49] [3528]
[] [55, 43] [2365]
[] [1, -86] [-86]
[] [-8, -49] [392]
[] [92, 40] [3680]
[] [60, -19] [-1140]
[] [78, -82] [-6396]
[] [1, -91] [-91]
[] [-25, -60] [1500]
[] [-64, -69] [4416]
[] [0, -74] [0]
[] [-63, -71] [4473]
[] [69, 16] [1104]
[] [17, -74] [-1258]
[] [59, 56] [3304]
[] [12, -42] [-504]
[] [21, 17] [357]
[] [-4, -55] [220]
[] [3, -47] [-141]
[] [-51, -71] [3621]
[] [12, -16] [-192]
[] [3, -57] [-171]
[] [97, 47] [4559]
[] [76, -78] [-5928]
[] [-73, -75] [5475]
[] [-9, -68] [612]
[] [13, -69] [-897]
[] [91, -72] [-6552]
[] [58, 52] [3016]
[] [94, -31] [-2914]
[] [33, -10] [-330]
[] [1, -80] [-80]
[] [18, -55] [-990]
[] [-8, -88] [704]
[] [53, 52] [2756]
[] [76, 35] [2660]
[] [-4, -45] [180]
[] [87, -68] [-5916]
[] [42, -79] [-3318]
[] [0, -79] [0]
[] [71, -43] [-3053]
[] [24, -79] [-1896]
[] [46, 40] [1840]
[] [49, -21] [-1029]
[] [-31, -86] [2666]
[] [38, -43] [-1634]
[] [13, -92] [-1196]
[] [55, 11] [605]
[] [75, -82] [-6150]
[] [22, 3] [66]
[] [-19, -39] [741]
[] [1, -85] [-85]
X1=read(1);;  =  -102000
AVG fitness:  -103223
Nr of point mutations:  31
Nr of subtree mutations:  25

Generation 23  ------------------------
Epochs without improvement: 2

Best fitness: -102000  best indiv:
[] [88, 59] [5192]
[] [26, -98] [-2548]
[] [78, 21] [1638]
[] [1, -40] [-40]
[] [-29, -34] [986]
[] [-6, -34] [204]
[] [54, -96] [-5184]
[] [16, -15] [-240]
[] [43, -93] [-3999]
[] [-20, -62] [1240]
[] [36, -20] [-720]
[] [48, -83] [-3984]
[] [79, -98] [-7742]
[] [-36, -87] [3132]
[] [-11, -37] [407]
[] [20, 16] [320]
[] [15, -52] [-780]
[] [-32, -37] [1184]
[] [-33, -57] [1881]
[] [-30, -79] [2370]
[] [16, -22] [-352]
[] [10, -89] [-890]
[] [20, -47] [-940]
[] [82, -31] [-2542]
[] [65, 30] [1950]
[] [-10, -76] [760]
[] [22, -99] [-2178]
[] [21, -31] [-651]
[] [5, -8] [-40]
[] [88, 15] [1320]
[] [22, -36] [-792]
[] [68, -22] [-1496]
[] [53, 43] [2279]
[] [65, 19] [1235]
[] [60, -81] [-4860]
[] [-42, -74] [3108]
[] [80, -28] [-2240]
[] [98, -81] [-7938]
[] [63, 42] [2646]
[] [75, -62] [-4650]
[] [59, -33] [-1947]
[] [95, 44] [4180]
[] [-1, -75] [75]
[] [65, -92] [-5980]
[] [92, -93] [-8556]
[] [44, -76] [-3344]
[] [-38, -97] [3686]
[] [63, -50] [-3150]
[] [72, 49] [3528]
[] [55, 43] [2365]
[] [1, -86] [-86]
[] [-8, -49] [392]
[] [92, 40] [3680]
[] [60, -19] [-1140]
[] [78, -82] [-6396]
[] [1, -91] [-91]
[] [-25, -60] [1500]
[] [-64, -69] [4416]
[] [0, -74] [0]
[] [-63, -71] [4473]
[] [69, 16] [1104]
[] [17, -74] [-1258]
[] [59, 56] [3304]
[] [12, -42] [-504]
[] [21, 17] [357]
[] [-4, -55] [220]
[] [3, -47] [-141]
[] [-51, -71] [3621]
[] [12, -16] [-192]
[] [3, -57] [-171]
[] [97, 47] [4559]
[] [76, -78] [-5928]
[] [-73, -75] [5475]
[] [-9, -68] [612]
[] [13, -69] [-897]
[] [91, -72] [-6552]
[] [58, 52] [3016]
[] [94, -31] [-2914]
[] [33, -10] [-330]
[] [1, -80] [-80]
[] [18, -55] [-990]
[] [-8, -88] [704]
[] [53, 52] [2756]
[] [76, 35] [2660]
[] [-4, -45] [180]
[] [87, -68] [-5916]
[] [42, -79] [-3318]
[] [0, -79] [0]
[] [71, -43] [-3053]
[] [24, -79] [-1896]
[] [46, 40] [1840]
[] [49, -21] [-1029]
[] [-31, -86] [2666]
[] [38, -43] [-1634]
[] [13, -92] [-1196]
[] [55, 11] [605]
[] [75, -82] [-6150]
[] [22, 3] [66]
[] [-19, -39] [741]
[] [1, -85] [-85]
X1=read(1);;  =  -102000
AVG fitness:  -102000
Nr of point mutations:  19
Nr of subtree mutations:  20

Generation 24  ------------------------
Epochs without improvement: 3

Best fitness: -102000  best indiv:
[] [88, 59] [5192]
[] [26, -98] [-2548]
[] [78, 21] [1638]
[] [1, -40] [-40]
[] [-29, -34] [986]
[] [-6, -34] [204]
[] [54, -96] [-5184]
[] [16, -15] [-240]
[] [43, -93] [-3999]
[] [-20, -62] [1240]
[] [36, -20] [-720]
[] [48, -83] [-3984]
[] [79, -98] [-7742]
[] [-36, -87] [3132]
[] [-11, -37] [407]
[] [20, 16] [320]
[] [15, -52] [-780]
[] [-32, -37] [1184]
[] [-33, -57] [1881]
[] [-30, -79] [2370]
[] [16, -22] [-352]
[] [10, -89] [-890]
[] [20, -47] [-940]
[] [82, -31] [-2542]
[] [65, 30] [1950]
[] [-10, -76] [760]
[] [22, -99] [-2178]
[] [21, -31] [-651]
[] [5, -8] [-40]
[] [88, 15] [1320]
[] [22, -36] [-792]
[] [68, -22] [-1496]
[] [53, 43] [2279]
[] [65, 19] [1235]
[] [60, -81] [-4860]
[] [-42, -74] [3108]
[] [80, -28] [-2240]
[] [98, -81] [-7938]
[] [63, 42] [2646]
[] [75, -62] [-4650]
[] [59, -33] [-1947]
[] [95, 44] [4180]
[] [-1, -75] [75]
[] [65, -92] [-5980]
[] [92, -93] [-8556]
[] [44, -76] [-3344]
[] [-38, -97] [3686]
[] [63, -50] [-3150]
[] [72, 49] [3528]
[] [55, 43] [2365]
[] [1, -86] [-86]
[] [-8, -49] [392]
[] [92, 40] [3680]
[] [60, -19] [-1140]
[] [78, -82] [-6396]
[] [1, -91] [-91]
[] [-25, -60] [1500]
[] [-64, -69] [4416]
[] [0, -74] [0]
[] [-63, -71] [4473]
[] [69, 16] [1104]
[] [17, -74] [-1258]
[] [59, 56] [3304]
[] [12, -42] [-504]
[] [21, 17] [357]
[] [-4, -55] [220]
[] [3, -47] [-141]
[] [-51, -71] [3621]
[] [12, -16] [-192]
[] [3, -57] [-171]
[] [97, 47] [4559]
[] [76, -78] [-5928]
[] [-73, -75] [5475]
[] [-9, -68] [612]
[] [13, -69] [-897]
[] [91, -72] [-6552]
[] [58, 52] [3016]
[] [94, -31] [-2914]
[] [33, -10] [-330]
[] [1, -80] [-80]
[] [18, -55] [-990]
[] [-8, -88] [704]
[] [53, 52] [2756]
[] [76, 35] [2660]
[] [-4, -45] [180]
[] [87, -68] [-5916]
[] [42, -79] [-3318]
[] [0, -79] [0]
[] [71, -43] [-3053]
[] [24, -79] [-1896]
[] [46, 40] [1840]
[] [49, -21] [-1029]
[] [-31, -86] [2666]
[] [38, -43] [-1634]
[] [13, -92] [-1196]
[] [55, 11] [605]
[] [75, -82] [-6150]
[] [22, 3] [66]
[] [-19, -39] [741]
[] [1, -85] [-85]
X1=read(1);;  =  -102000
AVG fitness:  -102000
Nr of point mutations:  22
Nr of subtree mutations:  17

Generation 25  ------------------------
Epochs without improvement: 4

Best fitness: -102000  best indiv:
[] [88, 59] [5192]
[] [26, -98] [-2548]
[] [78, 21] [1638]
[] [1, -40] [-40]
[] [-29, -34] [986]
[] [-6, -34] [204]
[] [54, -96] [-5184]
[] [16, -15] [-240]
[] [43, -93] [-3999]
[] [-20, -62] [1240]
[] [36, -20] [-720]
[] [48, -83] [-3984]
[] [79, -98] [-7742]
[] [-36, -87] [3132]
[] [-11, -37] [407]
[] [20, 16] [320]
[] [15, -52] [-780]
[] [-32, -37] [1184]
[] [-33, -57] [1881]
[] [-30, -79] [2370]
[] [16, -22] [-352]
[] [10, -89] [-890]
[] [20, -47] [-940]
[] [82, -31] [-2542]
[] [65, 30] [1950]
[] [-10, -76] [760]
[] [22, -99] [-2178]
[] [21, -31] [-651]
[] [5, -8] [-40]
[] [88, 15] [1320]
[] [22, -36] [-792]
[] [68, -22] [-1496]
[] [53, 43] [2279]
[] [65, 19] [1235]
[] [60, -81] [-4860]
[] [-42, -74] [3108]
[] [80, -28] [-2240]
[] [98, -81] [-7938]
[] [63, 42] [2646]
[] [75, -62] [-4650]
[] [59, -33] [-1947]
[] [95, 44] [4180]
[] [-1, -75] [75]
[] [65, -92] [-5980]
[] [92, -93] [-8556]
[] [44, -76] [-3344]
[] [-38, -97] [3686]
[] [63, -50] [-3150]
[] [72, 49] [3528]
[] [55, 43] [2365]
[] [1, -86] [-86]
[] [-8, -49] [392]
[] [92, 40] [3680]
[] [60, -19] [-1140]
[] [78, -82] [-6396]
[] [1, -91] [-91]
[] [-25, -60] [1500]
[] [-64, -69] [4416]
[] [0, -74] [0]
[] [-63, -71] [4473]
[] [69, 16] [1104]
[] [17, -74] [-1258]
[] [59, 56] [3304]
[] [12, -42] [-504]
[] [21, 17] [357]
[] [-4, -55] [220]
[] [3, -47] [-141]
[] [-51, -71] [3621]
[] [12, -16] [-192]
[] [3, -57] [-171]
[] [97, 47] [4559]
[] [76, -78] [-5928]
[] [-73, -75] [5475]
[] [-9, -68] [612]
[] [13, -69] [-897]
[] [91, -72] [-6552]
[] [58, 52] [3016]
[] [94, -31] [-2914]
[] [33, -10] [-330]
[] [1, -80] [-80]
[] [18, -55] [-990]
[] [-8, -88] [704]
[] [53, 52] [2756]
[] [76, 35] [2660]
[] [-4, -45] [180]
[] [87, -68] [-5916]
[] [42, -79] [-3318]
[] [0, -79] [0]
[] [71, -43] [-3053]
[] [24, -79] [-1896]
[] [46, 40] [1840]
[] [49, -21] [-1029]
[] [-31, -86] [2666]
[] [38, -43] [-1634]
[] [13, -92] [-1196]
[] [55, 11] [605]
[] [75, -82] [-6150]
[] [22, 3] [66]
[] [-19, -39] [741]
[] [1, -85] [-85]
X1=49;  =  -102000
AVG fitness:  -102000
Nr of point mutations:  29
Nr of subtree mutations:  19
45   generated again

Generation 26  ------------------------
Epochs without improvement: 0

Best fitness: 0  best indiv:
[5192] [88, 59] [5192]
[-2548] [26, -98] [-2548]
[1638] [78, 21] [1638]
[-40] [1, -40] [-40]
[986] [-29, -34] [986]
[204] [-6, -34] [204]
[-5184] [54, -96] [-5184]
[-240] [16, -15] [-240]
[-3999] [43, -93] [-3999]
[1240] [-20, -62] [1240]
[-720] [36, -20] [-720]
[-3984] [48, -83] [-3984]
[-7742] [79, -98] [-7742]
[3132] [-36, -87] [3132]
[407] [-11, -37] [407]
[320] [20, 16] [320]
[-780] [15, -52] [-780]
[1184] [-32, -37] [1184]
[1881] [-33, -57] [1881]
[2370] [-30, -79] [2370]
[-352] [16, -22] [-352]
[-890] [10, -89] [-890]
[-940] [20, -47] [-940]
[-2542] [82, -31] [-2542]
[1950] [65, 30] [1950]
[760] [-10, -76] [760]
[-2178] [22, -99] [-2178]
[-651] [21, -31] [-651]
[-40] [5, -8] [-40]
[1320] [88, 15] [1320]
[-792] [22, -36] [-792]
[-1496] [68, -22] [-1496]
[2279] [53, 43] [2279]
[1235] [65, 19] [1235]
[-4860] [60, -81] [-4860]
[3108] [-42, -74] [3108]
[-2240] [80, -28] [-2240]
[-7938] [98, -81] [-7938]
[2646] [63, 42] [2646]
[-4650] [75, -62] [-4650]
[-1947] [59, -33] [-1947]
[4180] [95, 44] [4180]
[75] [-1, -75] [75]
[-5980] [65, -92] [-5980]
[-8556] [92, -93] [-8556]
[-3344] [44, -76] [-3344]
[3686] [-38, -97] [3686]
[-3150] [63, -50] [-3150]
[3528] [72, 49] [3528]
[2365] [55, 43] [2365]
[-86] [1, -86] [-86]
[392] [-8, -49] [392]
[3680] [92, 40] [3680]
[-1140] [60, -19] [-1140]
[-6396] [78, -82] [-6396]
[-91] [1, -91] [-91]
[1500] [-25, -60] [1500]
[4416] [-64, -69] [4416]
[0] [0, -74] [0]
[4473] [-63, -71] [4473]
[1104] [69, 16] [1104]
[-1258] [17, -74] [-1258]
[3304] [59, 56] [3304]
[-504] [12, -42] [-504]
[357] [21, 17] [357]
[220] [-4, -55] [220]
[-141] [3, -47] [-141]
[3621] [-51, -71] [3621]
[-192] [12, -16] [-192]
[-171] [3, -57] [-171]
[4559] [97, 47] [4559]
[-5928] [76, -78] [-5928]
[5475] [-73, -75] [5475]
[612] [-9, -68] [612]
[-897] [13, -69] [-897]
[-6552] [91, -72] [-6552]
[3016] [58, 52] [3016]
[-2914] [94, -31] [-2914]
[-330] [33, -10] [-330]
[-80] [1, -80] [-80]
[-990] [18, -55] [-990]
[704] [-8, -88] [704]
[2756] [53, 52] [2756]
[2660] [76, 35] [2660]
[180] [-4, -45] [180]
[-5916] [87, -68] [-5916]
[-3318] [42, -79] [-3318]
[0] [0, -79] [0]
[-3053] [71, -43] [-3053]
[-1896] [24, -79] [-1896]
[1840] [46, 40] [1840]
[-1029] [49, -21] [-1029]
[2666] [-31, -86] [2666]
[-1634] [38, -43] [-1634]
[-1196] [13, -92] [-1196]
[605] [55, 11] [605]
[-6150] [75, -82] [-6150]
[66] [22, 3] [66]
[741] [-19, -39] [741]
[-85] [1, -85] [-85]
print(read(2);*read(1););  =  0
AVG fitness:  -117518
Nr of point mutations:  20
Nr of subtree mutations:  16

Generation 27  ------------------------
Epochs without improvement: 0
Solution found in generation 27



----------------------------------









[] [12, -16] [-192]
[] [3, -57] [-171]
[] [97, 47] [4559]
[] [76, -78] [-5928]
[] [-73, -75] [5475]
[] [-9, -68] [612]
[] [13, -69] [-897]
[] [91, -72] [-6552]
[] [58, 52] [3016]
[] [94, -31] [-2914]
[] [33, -10] [-330]
[] [1, -80] [-80]
[] [18, -55] [-990]
[] [-8, -88] [704]
[] [53, 52] [2756]
[] [76, 35] [2660]
[] [-4, -45] [180]
[] [87, -68] [-5916]
[] [42, -79] [-3318]
[] [0, -79] [0]
[] [71, -43] [-3053]
[] [24, -79] [-1896]
[] [46, 40] [1840]
[] [49, -21] [-1029]
[] [-31, -86] [2666]
[] [38, -43] [-1634]
[] [13, -92] [-1196]
[] [55, 11] [605]
[] [75, -82] [-6150]
[] [22, 3] [66]
[] [-19, -39] [741]
[] [1, -85] [-85]
X1=read(1);;  =  -102000
AVG fitness:  -102000
Nr of point mutations:  22
Nr of subtree mutations:  14

Generation 13  ------------------------
Epochs without improvement: 2

Best fitness: -102000  best indiv:
[] [88, 59] [5192]
[] [26, -98] [-2548]
[] [78, 21] [1638]
[] [1, -40] [-40]
[] [-29, -34] [986]
[] [-6, -34] [204]
[] [54, -96] [-5184]
[] [16, -15] [-240]
[] [43, -93] [-3999]
[] [-20, -62] [1240]
[] [36, -20] [-720]
[] [48, -83] [-3984]
[] [79, -98] [-7742]
[] [-36, -87] [3132]
[] [-11, -37] [407]
[] [20, 16] [320]
[] [15, -52] [-780]
[] [-32, -37] [1184]
[] [-33, -57] [1881]
[] [-30, -79] [2370]
[] [16, -22] [-352]
[] [10, -89] [-890]
[] [20, -47] [-940]
[] [82, -31] [-2542]
[] [65, 30] [1950]
[] [-10, -76] [760]
[] [22, -99] [-2178]
[] [21, -31] [-651]
[] [5, -8] [-40]
[] [88, 15] [1320]
[] [22, -36] [-792]
[] [68, -22] [-1496]
[] [53, 43] [2279]
[] [65, 19] [1235]
[] [60, -81] [-4860]
[] [-42, -74] [3108]
[] [80, -28] [-2240]
[] [98, -81] [-7938]
[] [63, 42] [2646]
[] [75, -62] [-4650]
[] [59, -33] [-1947]
[] [95, 44] [4180]
[] [-1, -75] [75]
[] [65, -92] [-5980]
[] [92, -93] [-8556]
[] [44, -76] [-3344]
[] [-38, -97] [3686]
[] [63, -50] [-3150]
[] [72, 49] [3528]
[] [55, 43] [2365]
[] [1, -86] [-86]
[] [-8, -49] [392]
[] [92, 40] [3680]
[] [60, -19] [-1140]
[] [78, -82] [-6396]
[] [1, -91] [-91]
[] [-25, -60] [1500]
[] [-64, -69] [4416]
[] [0, -74] [0]
[] [-63, -71] [4473]
[] [69, 16] [1104]
[] [17, -74] [-1258]
[] [59, 56] [3304]
[] [12, -42] [-504]
[] [21, 17] [357]
[] [-4, -55] [220]
[] [3, -47] [-141]
[] [-51, -71] [3621]
[] [12, -16] [-192]
[] [3, -57] [-171]
[] [97, 47] [4559]
[] [76, -78] [-5928]
[] [-73, -75] [5475]
[] [-9, -68] [612]
[] [13, -69] [-897]
[] [91, -72] [-6552]
[] [58, 52] [3016]
[] [94, -31] [-2914]
[] [33, -10] [-330]
[] [1, -80] [-80]
[] [18, -55] [-990]
[] [-8, -88] [704]
[] [53, 52] [2756]
[] [76, 35] [2660]
[] [-4, -45] [180]
[] [87, -68] [-5916]
[] [42, -79] [-3318]
[] [0, -79] [0]
[] [71, -43] [-3053]
[] [24, -79] [-1896]
[] [46, 40] [1840]
[] [49, -21] [-1029]
[] [-31, -86] [2666]
[] [38, -43] [-1634]
[] [13, -92] [-1196]
[] [55, 11] [605]
[] [75, -82] [-6150]
[] [22, 3] [66]
[] [-19, -39] [741]
[] [1, -85] [-85]
X1=read(1);;  =  -102000
AVG fitness:  -102000
Nr of point mutations:  39
Nr of subtree mutations:  19

Generation 14  ------------------------
Epochs without improvement: 3

Best fitness: -102000  best indiv:
[] [88, 59] [5192]
[] [26, -98] [-2548]
[] [78, 21] [1638]
[] [1, -40] [-40]
[] [-29, -34] [986]
[] [-6, -34] [204]
[] [54, -96] [-5184]
[] [16, -15] [-240]
[] [43, -93] [-3999]
[] [-20, -62] [1240]
[] [36, -20] [-720]
[] [48, -83] [-3984]
[] [79, -98] [-7742]
[] [-36, -87] [3132]
[] [-11, -37] [407]
[] [20, 16] [320]
[] [15, -52] [-780]
[] [-32, -37] [1184]
[] [-33, -57] [1881]
[] [-30, -79] [2370]
[] [16, -22] [-352]
[] [10, -89] [-890]
[] [20, -47] [-940]
[] [82, -31] [-2542]
[] [65, 30] [1950]
[] [-10, -76] [760]
[] [22, -99] [-2178]
[] [21, -31] [-651]
[] [5, -8] [-40]
[] [88, 15] [1320]
[] [22, -36] [-792]
[] [68, -22] [-1496]
[] [53, 43] [2279]
[] [65, 19] [1235]
[] [60, -81] [-4860]
[] [-42, -74] [3108]
[] [80, -28] [-2240]
[] [98, -81] [-7938]
[] [63, 42] [2646]
[] [75, -62] [-4650]
[] [59, -33] [-1947]
[] [95, 44] [4180]
[] [-1, -75] [75]
[] [65, -92] [-5980]
[] [92, -93] [-8556]
[] [44, -76] [-3344]
[] [-38, -97] [3686]
[] [63, -50] [-3150]
[] [72, 49] [3528]
[] [55, 43] [2365]
[] [1, -86] [-86]
[] [-8, -49] [392]
[] [92, 40] [3680]
[] [60, -19] [-1140]
[] [78, -82] [-6396]
[] [1, -91] [-91]
[] [-25, -60] [1500]
[] [-64, -69] [4416]
[] [0, -74] [0]
[] [-63, -71] [4473]
[] [69, 16] [1104]
[] [17, -74] [-1258]
[] [59, 56] [3304]
[] [12, -42] [-504]
[] [21, 17] [357]
[] [-4, -55] [220]
[] [3, -47] [-141]
[] [-51, -71] [3621]
[] [12, -16] [-192]
[] [3, -57] [-171]
[] [97, 47] [4559]
[] [76, -78] [-5928]
[] [-73, -75] [5475]
[] [-9, -68] [612]
[] [13, -69] [-897]
[] [91, -72] [-6552]
[] [58, 52] [3016]
[] [94, -31] [-2914]
[] [33, -10] [-330]
[] [1, -80] [-80]
[] [18, -55] [-990]
[] [-8, -88] [704]
[] [53, 52] [2756]
[] [76, 35] [2660]
[] [-4, -45] [180]
[] [87, -68] [-5916]
[] [42, -79] [-3318]
[] [0, -79] [0]
[] [71, -43] [-3053]
[] [24, -79] [-1896]
[] [46, 40] [1840]
[] [49, -21] [-1029]
[] [-31, -86] [2666]
[] [38, -43] [-1634]
[] [13, -92] [-1196]
[] [55, 11] [605]
[] [75, -82] [-6150]
[] [22, 3] [66]
[] [-19, -39] [741]
[] [1, -85] [-85]
X1=read(1);;  =  -102000
AVG fitness:  -102000
Nr of point mutations:  22
Nr of subtree mutations:  17

Generation 15  ------------------------
Epochs without improvement: 4

Best fitness: -102000  best indiv:
[] [88, 59] [5192]
[] [26, -98] [-2548]
[] [78, 21] [1638]
[] [1, -40] [-40]
[] [-29, -34] [986]
[] [-6, -34] [204]
[] [54, -96] [-5184]
[] [16, -15] [-240]
[] [43, -93] [-3999]
[] [-20, -62] [1240]
[] [36, -20] [-720]
[] [48, -83] [-3984]
[] [79, -98] [-7742]
[] [-36, -87] [3132]
[] [-11, -37] [407]
[] [20, 16] [320]
[] [15, -52] [-780]
[] [-32, -37] [1184]
[] [-33, -57] [1881]
[] [-30, -79] [2370]
[] [16, -22] [-352]
[] [10, -89] [-890]
[] [20, -47] [-940]
[] [82, -31] [-2542]
[] [65, 30] [1950]
[] [-10, -76] [760]
[] [22, -99] [-2178]
[] [21, -31] [-651]
[] [5, -8] [-40]
[] [88, 15] [1320]
[] [22, -36] [-792]
[] [68, -22] [-1496]
[] [53, 43] [2279]
[] [65, 19] [1235]
[] [60, -81] [-4860]
[] [-42, -74] [3108]
[] [80, -28] [-2240]
[] [98, -81] [-7938]
[] [63, 42] [2646]
[] [75, -62] [-4650]
[] [59, -33] [-1947]
[] [95, 44] [4180]
[] [-1, -75] [75]
[] [65, -92] [-5980]
[] [92, -93] [-8556]
[] [44, -76] [-3344]
[] [-38, -97] [3686]
[] [63, -50] [-3150]
[] [72, 49] [3528]
[] [55, 43] [2365]
[] [1, -86] [-86]
[] [-8, -49] [392]
[] [92, 40] [3680]
[] [60, -19] [-1140]
[] [78, -82] [-6396]
[] [1, -91] [-91]
[] [-25, -60] [1500]
[] [-64, -69] [4416]
[] [0, -74] [0]
[] [-63, -71] [4473]
[] [69, 16] [1104]
[] [17, -74] [-1258]
[] [59, 56] [3304]
[] [12, -42] [-504]
[] [21, 17] [357]
[] [-4, -55] [220]
[] [3, -47] [-141]
[] [-51, -71] [3621]
[] [12, -16] [-192]
[] [3, -57] [-171]
[] [97, 47] [4559]
[] [76, -78] [-5928]
[] [-73, -75] [5475]
[] [-9, -68] [612]
[] [13, -69] [-897]
[] [91, -72] [-6552]
[] [58, 52] [3016]
[] [94, -31] [-2914]
[] [33, -10] [-330]
[] [1, -80] [-80]
[] [18, -55] [-990]
[] [-8, -88] [704]
[] [53, 52] [2756]
[] [76, 35] [2660]
[] [-4, -45] [180]
[] [87, -68] [-5916]
[] [42, -79] [-3318]
[] [0, -79] [0]
[] [71, -43] [-3053]
[] [24, -79] [-1896]
[] [46, 40] [1840]
[] [49, -21] [-1029]
[] [-31, -86] [2666]
[] [38, -43] [-1634]
[] [13, -92] [-1196]
[] [55, 11] [605]
[] [75, -82] [-6150]
[] [22, 3] [66]
[] [-19, -39] [741]
[] [1, -85] [-85]
X1=read(1);;  =  -102000
AVG fitness:  -102000
Nr of point mutations:  33
Nr of subtree mutations:  21
45   generated again

Generation 16  ------------------------
Epochs without improvement: 0

Best fitness: -102000  best indiv:
[] [88, 59] [5192]
[] [26, -98] [-2548]
[] [78, 21] [1638]
[] [1, -40] [-40]
[] [-29, -34] [986]
[] [-6, -34] [204]
[] [54, -96] [-5184]
[] [16, -15] [-240]
[] [43, -93] [-3999]
[] [-20, -62] [1240]
[] [36, -20] [-720]
[] [48, -83] [-3984]
[] [79, -98] [-7742]
[] [-36, -87] [3132]
[] [-11, -37] [407]
[] [20, 16] [320]
[] [15, -52] [-780]
[] [-32, -37] [1184]
[] [-33, -57] [1881]
[] [-30, -79] [2370]
[] [16, -22] [-352]
[] [10, -89] [-890]
[] [20, -47] [-940]
[] [82, -31] [-2542]
[] [65, 30] [1950]
[] [-10, -76] [760]
[] [22, -99] [-2178]
[] [21, -31] [-651]
[] [5, -8] [-40]
[] [88, 15] [1320]
[] [22, -36] [-792]
[] [68, -22] [-1496]
[] [53, 43] [2279]
[] [65, 19] [1235]
[] [60, -81] [-4860]
[] [-42, -74] [3108]
[] [80, -28] [-2240]
[] [98, -81] [-7938]
[] [63, 42] [2646]
[] [75, -62] [-4650]
[] [59, -33] [-1947]
[] [95, 44] [4180]
[] [-1, -75] [75]
[] [65, -92] [-5980]
[] [92, -93] [-8556]
[] [44, -76] [-3344]
[] [-38, -97] [3686]
[] [63, -50] [-3150]
[] [72, 49] [3528]
[] [55, 43] [2365]
[] [1, -86] [-86]
[] [-8, -49] [392]
[] [92, 40] [3680]
[] [60, -19] [-1140]
[] [78, -82] [-6396]
[] [1, -91] [-91]
[] [-25, -60] [1500]
[] [-64, -69] [4416]
[] [0, -74] [0]
[] [-63, -71] [4473]
[] [69, 16] [1104]
[] [17, -74] [-1258]
[] [59, 56] [3304]
[] [12, -42] [-504]
[] [21, 17] [357]
[] [-4, -55] [220]
[] [3, -47] [-141]
[] [-51, -71] [3621]
[] [12, -16] [-192]
[] [3, -57] [-171]
[] [97, 47] [4559]
[] [76, -78] [-5928]
[] [-73, -75] [5475]
[] [-9, -68] [612]
[] [13, -69] [-897]
[] [91, -72] [-6552]
[] [58, 52] [3016]
[] [94, -31] [-2914]
[] [33, -10] [-330]
[] [1, -80] [-80]
[] [18, -55] [-990]
[] [-8, -88] [704]
[] [53, 52] [2756]
[] [76, 35] [2660]
[] [-4, -45] [180]
[] [87, -68] [-5916]
[] [42, -79] [-3318]
[] [0, -79] [0]
[] [71, -43] [-3053]
[] [24, -79] [-1896]
[] [46, 40] [1840]
[] [49, -21] [-1029]
[] [-31, -86] [2666]
[] [38, -43] [-1634]
[] [13, -92] [-1196]
[] [55, 11] [605]
[] [75, -82] [-6150]
[] [22, 3] [66]
[] [-19, -39] [741]
[] [1, -85] [-85]
X1=read(1);;  =  -102000
AVG fitness:  -115442
Nr of point mutations:  29
Nr of subtree mutations:  23

Generation 17  ------------------------
Epochs without improvement: 1

Best fitness: -102000  best indiv:
[] [88, 59] [5192]
[] [26, -98] [-2548]
[] [78, 21] [1638]
[] [1, -40] [-40]
[] [-29, -34] [986]
[] [-6, -34] [204]
[] [54, -96] [-5184]
[] [16, -15] [-240]
[] [43, -93] [-3999]
[] [-20, -62] [1240]
[] [36, -20] [-720]
[] [48, -83] [-3984]
[] [79, -98] [-7742]
[] [-36, -87] [3132]
[] [-11, -37] [407]
[] [20, 16] [320]
[] [15, -52] [-780]
[] [-32, -37] [1184]
[] [-33, -57] [1881]
[] [-30, -79] [2370]
[] [16, -22] [-352]
[] [10, -89] [-890]
[] [20, -47] [-940]
[] [82, -31] [-2542]
[] [65, 30] [1950]
[] [-10, -76] [760]
[] [22, -99] [-2178]
[] [21, -31] [-651]
[] [5, -8] [-40]
[] [88, 15] [1320]
[] [22, -36] [-792]
[] [68, -22] [-1496]
[] [53, 43] [2279]
[] [65, 19] [1235]
[] [60, -81] [-4860]
[] [-42, -74] [3108]
[] [80, -28] [-2240]
[] [98, -81] [-7938]
[] [63, 42] [2646]
[] [75, -62] [-4650]
[] [59, -33] [-1947]
[] [95, 44] [4180]
[] [-1, -75] [75]
[] [65, -92] [-5980]
[] [92, -93] [-8556]
[] [44, -76] [-3344]
[] [-38, -97] [3686]
[] [63, -50] [-3150]
[] [72, 49] [3528]
[] [55, 43] [2365]
[] [1, -86] [-86]
[] [-8, -49] [392]
[] [92, 40] [3680]
[] [60, -19] [-1140]
[] [78, -82] [-6396]
[] [1, -91] [-91]
[] [-25, -60] [1500]
[] [-64, -69] [4416]
[] [0, -74] [0]
[] [-63, -71] [4473]
[] [69, 16] [1104]
[] [17, -74] [-1258]
[] [59, 56] [3304]
[] [12, -42] [-504]
[] [21, 17] [357]
[] [-4, -55] [220]
[] [3, -47] [-141]
[] [-51, -71] [3621]
[] [12, -16] [-192]
[] [3, -57] [-171]
[] [97, 47] [4559]
[] [76, -78] [-5928]
[] [-73, -75] [5475]
[] [-9, -68] [612]
[] [13, -69] [-897]
[] [91, -72] [-6552]
[] [58, 52] [3016]
[] [94, -31] [-2914]
[] [33, -10] [-330]
[] [1, -80] [-80]
[] [18, -55] [-990]
[] [-8, -88] [704]
[] [53, 52] [2756]
[] [76, 35] [2660]
[] [-4, -45] [180]
[] [87, -68] [-5916]
[] [42, -79] [-3318]
[] [0, -79] [0]
[] [71, -43] [-3053]
[] [24, -79] [-1896]
[] [46, 40] [1840]
[] [49, -21] [-1029]
[] [-31, -86] [2666]
[] [38, -43] [-1634]
[] [13, -92] [-1196]
[] [55, 11] [605]
[] [75, -82] [-6150]
[] [22, 3] [66]
[] [-19, -39] [741]
[] [1, -85] [-85]
X1=read(1);;  =  -102000
AVG fitness:  -102150
Nr of point mutations:  22
Nr of subtree mutations:  11

Generation 18  ------------------------
Epochs without improvement: 2

Best fitness: -102000  best indiv:
[] [88, 59] [5192]
[] [26, -98] [-2548]
[] [78, 21] [1638]
[] [1, -40] [-40]
[] [-29, -34] [986]
[] [-6, -34] [204]
[] [54, -96] [-5184]
[] [16, -15] [-240]
[] [43, -93] [-3999]
[] [-20, -62] [1240]
[] [36, -20] [-720]
[] [48, -83] [-3984]
[] [79, -98] [-7742]
[] [-36, -87] [3132]
[] [-11, -37] [407]
[] [20, 16] [320]
[] [15, -52] [-780]
[] [-32, -37] [1184]
[] [-33, -57] [1881]
[] [-30, -79] [2370]
[] [16, -22] [-352]
[] [10, -89] [-890]
[] [20, -47] [-940]
[] [82, -31] [-2542]
[] [65, 30] [1950]
[] [-10, -76] [760]
[] [22, -99] [-2178]
[] [21, -31] [-651]
[] [5, -8] [-40]
[] [88, 15] [1320]
[] [22, -36] [-792]
[] [68, -22] [-1496]
[] [53, 43] [2279]
[] [65, 19] [1235]
[] [60, -81] [-4860]
[] [-42, -74] [3108]
[] [80, -28] [-2240]
[] [98, -81] [-7938]
[] [63, 42] [2646]
[] [75, -62] [-4650]
[] [59, -33] [-1947]
[] [95, 44] [4180]
[] [-1, -75] [75]
[] [65, -92] [-5980]
[] [92, -93] [-8556]
[] [44, -76] [-3344]
[] [-38, -97] [3686]
[] [63, -50] [-3150]
[] [72, 49] [3528]
[] [55, 43] [2365]
[] [1, -86] [-86]
[] [-8, -49] [392]
[] [92, 40] [3680]
[] [60, -19] [-1140]
[] [78, -82] [-6396]
[] [1, -91] [-91]
[] [-25, -60] [1500]
[] [-64, -69] [4416]
[] [0, -74] [0]
[] [-63, -71] [4473]
[] [69, 16] [1104]
[] [17, -74] [-1258]
[] [59, 56] [3304]
[] [12, -42] [-504]
[] [21, 17] [357]
[] [-4, -55] [220]
[] [3, -47] [-141]
[] [-51, -71] [3621]
[] [12, -16] [-192]
[] [3, -57] [-171]
[] [97, 47] [4559]
[] [76, -78] [-5928]
[] [-73, -75] [5475]
[] [-9, -68] [612]
[] [13, -69] [-897]
[] [91, -72] [-6552]
[] [58, 52] [3016]
[] [94, -31] [-2914]
[] [33, -10] [-330]
[] [1, -80] [-80]
[] [18, -55] [-990]
[] [-8, -88] [704]
[] [53, 52] [2756]
[] [76, 35] [2660]
[] [-4, -45] [180]
[] [87, -68] [-5916]
[] [42, -79] [-3318]
[] [0, -79] [0]
[] [71, -43] [-3053]
[] [24, -79] [-1896]
[] [46, 40] [1840]
[] [49, -21] [-1029]
[] [-31, -86] [2666]
[] [38, -43] [-1634]
[] [13, -92] [-1196]
[] [55, 11] [605]
[] [75, -82] [-6150]
[] [22, 3] [66]
[] [-19, -39] [741]
[] [1, -85] [-85]
X1=read(1);;  =  -102000
AVG fitness:  -102000
Nr of point mutations:  29
Nr of subtree mutations:  19

Generation 19  ------------------------
Epochs without improvement: 3

Best fitness: -102000  best indiv:
[] [88, 59] [5192]
[] [26, -98] [-2548]
[] [78, 21] [1638]
[] [1, -40] [-40]
[] [-29, -34] [986]
[] [-6, -34] [204]
[] [54, -96] [-5184]
[] [16, -15] [-240]
[] [43, -93] [-3999]
[] [-20, -62] [1240]
[] [36, -20] [-720]
[] [48, -83] [-3984]
[] [79, -98] [-7742]
[] [-36, -87] [3132]
[] [-11, -37] [407]
[] [20, 16] [320]
[] [15, -52] [-780]
[] [-32, -37] [1184]
[] [-33, -57] [1881]
[] [-30, -79] [2370]
[] [16, -22] [-352]
[] [10, -89] [-890]
[] [20, -47] [-940]
[] [82, -31] [-2542]
[] [65, 30] [1950]
[] [-10, -76] [760]
[] [22, -99] [-2178]
[] [21, -31] [-651]
[] [5, -8] [-40]
[] [88, 15] [1320]
[] [22, -36] [-792]
[] [68, -22] [-1496]
[] [53, 43] [2279]
[] [65, 19] [1235]
[] [60, -81] [-4860]
[] [-42, -74] [3108]
[] [80, -28] [-2240]
[] [98, -81] [-7938]
[] [63, 42] [2646]
[] [75, -62] [-4650]
[] [59, -33] [-1947]
[] [95, 44] [4180]
[] [-1, -75] [75]
[] [65, -92] [-5980]
[] [92, -93] [-8556]
[] [44, -76] [-3344]
[] [-38, -97] [3686]
[] [63, -50] [-3150]
[] [72, 49] [3528]
[] [55, 43] [2365]
[] [1, -86] [-86]
[] [-8, -49] [392]
[] [92, 40] [3680]
[] [60, -19] [-1140]
[] [78, -82] [-6396]
[] [1, -91] [-91]
[] [-25, -60] [1500]
[] [-64, -69] [4416]
[] [0, -74] [0]
[] [-63, -71] [4473]
[] [69, 16] [1104]
[] [17, -74] [-1258]
[] [59, 56] [3304]
[] [12, -42] [-504]
[] [21, 17] [357]
[] [-4, -55] [220]
[] [3, -47] [-141]
[] [-51, -71] [3621]
[] [12, -16] [-192]
[] [3, -57] [-171]
[] [97, 47] [4559]
[] [76, -78] [-5928]
[] [-73, -75] [5475]
[] [-9, -68] [612]
[] [13, -69] [-897]
[] [91, -72] [-6552]
[] [58, 52] [3016]
[] [94, -31] [-2914]
[] [33, -10] [-330]
[] [1, -80] [-80]
[] [18, -55] [-990]
[] [-8, -88] [704]
[] [53, 52] [2756]
[] [76, 35] [2660]
[] [-4, -45] [180]
[] [87, -68] [-5916]
[] [42, -79] [-3318]
[] [0, -79] [0]
[] [71, -43] [-3053]
[] [24, -79] [-1896]
[] [46, 40] [1840]
[] [49, -21] [-1029]
[] [-31, -86] [2666]
[] [38, -43] [-1634]
[] [13, -92] [-1196]
[] [55, 11] [605]
[] [75, -82] [-6150]
[] [22, 3] [66]
[] [-19, -39] [741]
[] [1, -85] [-85]
X1=X1;  =  -102000
AVG fitness:  -102000
Nr of point mutations:  31
Nr of subtree mutations:  19

Generation 20  ------------------------
Epochs without improvement: 4

Best fitness: -102000  best indiv:
[] [88, 59] [5192]
[] [26, -98] [-2548]
[] [78, 21] [1638]
[] [1, -40] [-40]
[] [-29, -34] [986]
[] [-6, -34] [204]
[] [54, -96] [-5184]
[] [16, -15] [-240]
[] [43, -93] [-3999]
[] [-20, -62] [1240]
[] [36, -20] [-720]
[] [48, -83] [-3984]
[] [79, -98] [-7742]
[] [-36, -87] [3132]
[] [-11, -37] [407]
[] [20, 16] [320]
[] [15, -52] [-780]
[] [-32, -37] [1184]
[] [-33, -57] [1881]
[] [-30, -79] [2370]
[] [16, -22] [-352]
[] [10, -89] [-890]
[] [20, -47] [-940]
[] [82, -31] [-2542]
[] [65, 30] [1950]
[] [-10, -76] [760]
[] [22, -99] [-2178]
[] [21, -31] [-651]
[] [5, -8] [-40]
[] [88, 15] [1320]
[] [22, -36] [-792]
[] [68, -22] [-1496]
[] [53, 43] [2279]
[] [65, 19] [1235]
[] [60, -81] [-4860]
[] [-42, -74] [3108]
[] [80, -28] [-2240]
[] [98, -81] [-7938]
[] [63, 42] [2646]
[] [75, -62] [-4650]
[] [59, -33] [-1947]
[] [95, 44] [4180]
[] [-1, -75] [75]
[] [65, -92] [-5980]
[] [92, -93] [-8556]
[] [44, -76] [-3344]
[] [-38, -97] [3686]
[] [63, -50] [-3150]
[] [72, 49] [3528]
[] [55, 43] [2365]
[] [1, -86] [-86]
[] [-8, -49] [392]
[] [92, 40] [3680]
[] [60, -19] [-1140]
[] [78, -82] [-6396]
[] [1, -91] [-91]
[] [-25, -60] [1500]
[] [-64, -69] [4416]
[] [0, -74] [0]
[] [-63, -71] [4473]
[] [69, 16] [1104]
[] [17, -74] [-1258]
[] [59, 56] [3304]
[] [12, -42] [-504]
[] [21, 17] [357]
[] [-4, -55] [220]
[] [3, -47] [-141]
[] [-51, -71] [3621]
[] [12, -16] [-192]
[] [3, -57] [-171]
[] [97, 47] [4559]
[] [76, -78] [-5928]
[] [-73, -75] [5475]
[] [-9, -68] [612]
[] [13, -69] [-897]
[] [91, -72] [-6552]
[] [58, 52] [3016]
[] [94, -31] [-2914]
[] [33, -10] [-330]
[] [1, -80] [-80]
[] [18, -55] [-990]
[] [-8, -88] [704]
[] [53, 52] [2756]
[] [76, 35] [2660]
[] [-4, -45] [180]
[] [87, -68] [-5916]
[] [42, -79] [-3318]
[] [0, -79] [0]
[] [71, -43] [-3053]
[] [24, -79] [-1896]
[] [46, 40] [1840]
[] [49, -21] [-1029]
[] [-31, -86] [2666]
[] [38, -43] [-1634]
[] [13, -92] [-1196]
[] [55, 11] [605]
[] [75, -82] [-6150]
[] [22, 3] [66]
[] [-19, -39] [741]
[] [1, -85] [-85]
X1=2;  =  -102000
AVG fitness:  -102000
Nr of point mutations:  30
Nr of subtree mutations:  18
45   generated again

Generation 21  ------------------------
Epochs without improvement: 0

Best fitness: 0  best indiv:
[5192] [88, 59] [5192]
[-2548] [26, -98] [-2548]
[1638] [78, 21] [1638]
[-40] [1, -40] [-40]
[986] [-29, -34] [986]
[204] [-6, -34] [204]
[-5184] [54, -96] [-5184]
[-240] [16, -15] [-240]
[-3999] [43, -93] [-3999]
[1240] [-20, -62] [1240]
[-720] [36, -20] [-720]
[-3984] [48, -83] [-3984]
[-7742] [79, -98] [-7742]
[3132] [-36, -87] [3132]
[407] [-11, -37] [407]
[320] [20, 16] [320]
[-780] [15, -52] [-780]
[1184] [-32, -37] [1184]
[1881] [-33, -57] [1881]
[2370] [-30, -79] [2370]
[-352] [16, -22] [-352]
[-890] [10, -89] [-890]
[-940] [20, -47] [-940]
[-2542] [82, -31] [-2542]
[1950] [65, 30] [1950]
[760] [-10, -76] [760]
[-2178] [22, -99] [-2178]
[-651] [21, -31] [-651]
[-40] [5, -8] [-40]
[1320] [88, 15] [1320]
[-792] [22, -36] [-792]
[-1496] [68, -22] [-1496]
[2279] [53, 43] [2279]
[1235] [65, 19] [1235]
[-4860] [60, -81] [-4860]
[3108] [-42, -74] [3108]
[-2240] [80, -28] [-2240]
[-7938] [98, -81] [-7938]
[2646] [63, 42] [2646]
[-4650] [75, -62] [-4650]
[-1947] [59, -33] [-1947]
[4180] [95, 44] [4180]
[75] [-1, -75] [75]
[-5980] [65, -92] [-5980]
[-8556] [92, -93] [-8556]
[-3344] [44, -76] [-3344]
[3686] [-38, -97] [3686]
[-3150] [63, -50] [-3150]
[3528] [72, 49] [3528]
[2365] [55, 43] [2365]
[-86] [1, -86] [-86]
[392] [-8, -49] [392]
[3680] [92, 40] [3680]
[-1140] [60, -19] [-1140]
[-6396] [78, -82] [-6396]
[-91] [1, -91] [-91]
[1500] [-25, -60] [1500]
[4416] [-64, -69] [4416]
[0] [0, -74] [0]
[4473] [-63, -71] [4473]
[1104] [69, 16] [1104]
[-1258] [17, -74] [-1258]
[3304] [59, 56] [3304]
[-504] [12, -42] [-504]
[357] [21, 17] [357]
[220] [-4, -55] [220]
[-141] [3, -47] [-141]
[3621] [-51, -71] [3621]
[-192] [12, -16] [-192]
[-171] [3, -57] [-171]
[4559] [97, 47] [4559]
[-5928] [76, -78] [-5928]
[5475] [-73, -75] [5475]
[612] [-9, -68] [612]
[-897] [13, -69] [-897]
[-6552] [91, -72] [-6552]
[3016] [58, 52] [3016]
[-2914] [94, -31] [-2914]
[-330] [33, -10] [-330]
[-80] [1, -80] [-80]
[-990] [18, -55] [-990]
[704] [-8, -88] [704]
[2756] [53, 52] [2756]
[2660] [76, 35] [2660]
[180] [-4, -45] [180]
[-5916] [87, -68] [-5916]
[-3318] [42, -79] [-3318]
[0] [0, -79] [0]
[-3053] [71, -43] [-3053]
[-1896] [24, -79] [-1896]
[1840] [46, 40] [1840]
[-1029] [49, -21] [-1029]
[2666] [-31, -86] [2666]
[-1634] [38, -43] [-1634]
[-1196] [13, -92] [-1196]
[605] [55, 11] [605]
[-6150] [75, -82] [-6150]
[66] [22, 3] [66]
[741] [-19, -39] [741]
[-85] [1, -85] [-85]
print(read(1);*read(2););  =  0
AVG fitness:  -120750
Nr of point mutations:  32
Nr of subtree mutations:  17

Generation 22  ------------------------
Epochs without improvement: 0
Solution found in generation 22