65 -88 ; 153
-76 -83 ; 7
81 74 ; 7
63 2 ; 61
-5 -79 ; 74
74 -97 ; 171
21 -70 ; 91
50 34 ; 16
-46 -82 ; 36
96 -59 ; 155
-20 -60 ; 40
45 -32 ; 77
63 -82 ; 145
84 -27 ; 111
69 28 ; 41
70 -53 ; 123
27 -28 ; 55
-54 -60 ; 6
-33 -46 ; 13
68 -35 ; 103
76 -43 ; 119
62 -88 ; 150
60 -55 ; 115
6 -97 ; 103
1 -70 ; 71
44 -74 ; 118
39 -98 ; 137
89 40 ; 49
-18 -48 ; 30
-43 -52 ; 9
88 28 ; 60
98 -69 ; 167
79 75 ; 4
26 -65 ; 91
-39 -64 ; 25
4 -13 ; 17
71 44 ; 27
16 -62 ; 78
-8 -13 ; 5
-40 -73 ; 33
72 -84 ; 156
79 64 ; 15
57 40 ; 17
39 -25 ; 64
84 59 ; 25
28 -17 ; 45
43 -42 ; 85
-2 -23 ; 21
31 28 ; 3
41 -90 ; 131
-2 -61 ; 59
37 -59 ; 96
-1 -87 ; 86
-33 -88 ; 55
-4 -85 ; 81
62 31 ; 31
-11 -93 ; 82
96 83 ; 13
12 -23 ; 35
65 -64 ; 129
-23 -29 ; 6
57 33 ; 24
16 -68 ; 84
-11 -31 ; 20
63 -44 ; 107
65 61 ; 4
75 -11 ; 86
2 -19 ; 21
2 -91 ; 93
90 -53 ; 143
82 -17 ; 99
18 -33 ; 51
65 56 ; 9
43 -3 ; 46
-23 -96 ; 73
50 -93 ; 143
63 -7 ; 70
48 -67 ; 115
-26 -29 ; 3
94 -96 ; 190
76 1 ; 75
-40 -49 ; 9
10 -75 ; 85
95 18 ; 77
54 -96 ; 150
42 8 ; 34
52 -24 ; 76
71 -36 ; 107
19 -91 ; 110
35 14 ; 21
70 48 ; 22
17 -68 ; 85
70 -21 ; 91
23 -36 ; 59
-16 -58 ; 42
80 -11 ; 91
76 -64 ; 140
96 -77 ; 173
82 37 ; 45
-6 -62 ; 56
