88 59 ; 5192
26 -98 ; -2548
78 21 ; 1638
1 -40 ; -40
-29 -34 ; 986
-6 -34 ; 204
54 -96 ; -5184
16 -15 ; -240
43 -93 ; -3999
-20 -62 ; 1240
36 -20 ; -720
48 -83 ; -3984
79 -98 ; -7742
-36 -87 ; 3132
-11 -37 ; 407
20 16 ; 320
15 -52 ; -780
-32 -37 ; 1184
-33 -57 ; 1881
-30 -79 ; 2370
16 -22 ; -352
10 -89 ; -890
20 -47 ; -940
82 -31 ; -2542
65 30 ; 1950
-10 -76 ; 760
22 -99 ; -2178
21 -31 ; -651
5 -8 ; -40
88 15 ; 1320
22 -36 ; -792
68 -22 ; -1496
53 43 ; 2279
65 19 ; 1235
60 -81 ; -4860
-42 -74 ; 3108
80 -28 ; -2240
98 -81 ; -7938
63 42 ; 2646
75 -62 ; -4650
59 -33 ; -1947
95 44 ; 4180
-1 -75 ; 75
65 -92 ; -5980
92 -93 ; -8556
44 -76 ; -3344
-38 -97 ; 3686
63 -50 ; -3150
72 49 ; 3528
55 43 ; 2365
1 -86 ; -86
-8 -49 ; 392
92 40 ; 3680
60 -19 ; -1140
78 -82 ; -6396
1 -91 ; -91
-25 -60 ; 1500
-64 -69 ; 4416
0 -74 ; 0
-63 -71 ; 4473
69 16 ; 1104
17 -74 ; -1258
59 56 ; 3304
12 -42 ; -504
21 17 ; 357
-4 -55 ; 220
3 -47 ; -141
-51 -71 ; 3621
12 -16 ; -192
3 -57 ; -171
97 47 ; 4559
76 -78 ; -5928
-73 -75 ; 5475
-9 -68 ; 612
13 -69 ; -897
91 -72 ; -6552
58 52 ; 3016
94 -31 ; -2914
33 -10 ; -330
1 -80 ; -80
18 -55 ; -990
-8 -88 ; 704
53 52 ; 2756
76 35 ; 2660
-4 -45 ; 180
87 -68 ; -5916
42 -79 ; -3318
0 -79 ; 0
71 -43 ; -3053
24 -79 ; -1896
46 40 ; 1840
49 -21 ; -1029
-31 -86 ; 2666
38 -43 ; -1634
13 -92 ; -1196
55 11 ; 605
75 -82 ; -6150
22 3 ; 66
-19 -39 ; 741
1 -85 ; -85
