5 -92 ; -87
85 -49 ; 36
33 -27 ; 6
17 -16 ; 1
-36 -47 ; -83
-24 -48 ; -72
-39 -45 ; -84
83 -69 ; 14
37 -60 ; -23
27 19 ; 46
47 -45 ; 2
98 45 ; 143
95 76 ; 171
77 -81 ; -4
82 -46 ; 36
-65 -74 ; -139
18 -37 ; -19
81 40 ; 121
95 -12 ; 83
13 -81 ; -68
27 -79 ; -52
-33 -50 ; -83
59 -13 ; 46
68 -52 ; 16
44 2 ; 46
64 -13 ; 51
34 -71 ; -37
-32 -46 ; -78
-47 -71 ; -118
89 -90 ; -1
12 -90 ; -78
24 -35 ; -11
24 -88 ; -64
29 -92 ; -63
-54 -58 ; -112
77 -60 ; 17
45 -17 ; 28
34 -9 ; 25
67 40 ; 107
69 44 ; 113
93 -14 ; 79
81 -80 ; 1
72 -52 ; 20
-9 -84 ; -93
3 -38 ; -35
86 -80 ; 6
54 7 ; 61
-69 -74 ; -143
-16 -42 ; -58
96 -80 ; 16
34 -52 ; -18
32 -1 ; 31
73 1 ; 74
-21 -32 ; -53
91 -88 ; 3
-14 -68 ; -82
8 -44 ; -36
53 1 ; 54
-5 -10 ; -15
98 13 ; 111
-43 -51 ; -94
91 -46 ; 45
-48 -86 ; -134
78 -44 ; 34
42 -61 ; -19
-83 -95 ; -178
65 -90 ; -25
-23 -53 ; -76
36 -31 ; 5
-42 -92 ; -134
77 58 ; 135
11 5 ; 16
-53 -58 ; -111
-33 -40 ; -73
22 -56 ; -34
42 -46 ; -4
40 -72 ; -32
84 -69 ; 15
-15 -69 ; -84
-10 -47 ; -57
19 -8 ; 11
-28 -34 ; -62
13 -80 ; -67
35 2 ; 37
89 29 ; 118
41 -5 ; 36
-36 -39 ; -75
-54 -80 ; -134
76 -90 ; -14
15 -6 ; 9
-66 -97 ; -163
97 83 ; 180
32 13 ; 45
95 -48 ; 47
43 -41 ; 2
51 -16 ; 35
10 -85 ; -75
81 -59 ; 22
78 -70 ; 8
65 63 ; 128
