7973 -3171 ; 7973
-2209 1420 ; 1420
-6914 9030 ; 9030
7383 6983 ; 7383
5028 -1438 ; 5028
-6894 -4205 ; -4205
-3533 429 ; 429
5758 4514 ; 5758
5578 6149 ; 6149
7362 7211 ; 7362
2219 -9297 ; 2219
3483 1043 ; 3483
146 325 ; 325
8017 4618 ; 8017
1204 6731 ; 6731
-3724 -4592 ; -3724
6149 -5373 ; 6149
3266 5265 ; 5265
-278 -6139 ; -278
-6305 -2563 ; -2563
4977 2127 ; 4977
7366 2428 ; 7366
-3373 6133 ; 6133
1137 -1849 ; 1137
7240 -4098 ; 7240
7756 -6151 ; 7756
-9271 -2151 ; -2151
-7039 2506 ; 2506
6092 336 ; 6092
4647 -8889 ; 4647
2752 -3875 ; 2752
-5793 2568 ; 2568
6997 944 ; 6997
2102 -1298 ; 2102
677 -4391 ; 677
6943 5558 ; 6943
1683 4864 ; 4864
-4592 -2971 ; -2971
623 6697 ; 6697
-4425 4661 ; 4661
-8523 -8286 ; -8286
-8140 -6143 ; -6143
-946 8635 ; 8635
-910 9040 ; 9040
2614 8027 ; 8027
7745 -8951 ; 7745
-2739 9265 ; 9265
3220 -5472 ; 3220
7621 -6655 ; 7621
1720 2937 ; 2937
4339 2424 ; 4339
-4612 6428 ; 6428
-5455 3015 ; 3015
8483 1030 ; 8483
-2 -2204 ; -2
7898 6499 ; 7898
-52 -6276 ; -52
-7857 -1692 ; -1692
2465 342 ; 2465
1911 -4408 ; 1911
-5383 3915 ; 3915
-5830 -1658 ; -1658
9442 4889 ; 9442
8470 -7772 ; 8470
5154 660 ; 5154
-3836 125 ; 125
-4761 -8119 ; -4761
3698 2594 ; 3698
1978 -1008 ; 1978
-2213 861 ; 861
620 -2793 ; 620
899 3094 ; 3094
5625 -483 ; 5625
-1429 931 ; 931
-305 -3277 ; -305
-3918 5825 ; 5825
-8265 -2764 ; -2764
3116 8588 ; 8588
-3765 -2619 ; -2619
-9591 -2603 ; -2603
-7338 3662 ; 3662
1027 334 ; 1027
2715 8139 ; 8139
-5346 6443 ; 6443
-2517 9274 ; 9274
-9573 -2565 ; -2565
9673 289 ; 9673
-8494 5107 ; 5107
-9710 4444 ; 4444
808 -1947 ; 808
-1274 -4441 ; -1274
-3686 -7611 ; -3686
-1129 -8679 ; -1129
-9581 2053 ; 2053
-655 -5314 ; -655
8164 -8201 ; 8164
7304 -2607 ; 7304
-315 -2869 ; -315
987 -6182 ; 987
-9838 3579 ; 3579