7 -3 -5 ; -3
9 -2 1 ; 1
-4 -10 6 ; -4
9 -10 9 ; 9
-7 4 -3 ; -3
-8 -9 0 ; -8
7 9 1 ; 7
-8 -9 8 ; -8
-10 -8 -1 ; -8
5 1 -4 ; 1
2 -8 8 ; 2
-10 8 -8 ; -8
-4 -10 5 ; -4
9 3 2 ; 3
-7 0 -3 ; -3
5 -5 -4 ; -4
9 -5 1 ; 1
2 2 -3 ; 2
-2 -4 2 ; -2
2 -10 -10 ; -10
1 -10 -4 ; -4
-2 0 2 ; 0
-4 -3 -1 ; -3
-8 5 1 ; 1
-6 -2 4 ; -2
-7 9 3 ; 3
2 -5 -9 ; -5
-9 -2 -1 ; -2
-10 -2 -7 ; -7
-6 -9 -5 ; -6
0 -2 -2 ; -2
9 -5 4 ; 4
0 -4 -2 ; -2
5 4 4 ; 4
-1 9 -10 ; -1
-2 0 6 ; 0
-9 6 7 ; 6
4 3 -2 ; 3
-5 3 -4 ; -4
9 7 -9 ; 7
-1 8 -3 ; -1
-8 -6 -7 ; -7
2 -9 8 ; 2
-6 8 -8 ; -6
7 3 1 ; 3
4 5 6 ; 5
-9 4 -1 ; -1
9 -5 -6 ; -5
0 2 1 ; 1
-7 5 9 ; 5
5 1 3 ; 3
2 -10 9 ; 2
-10 3 1 ; 1
-6 -8 7 ; -6
9 8 8 ; 8
9 5 -3 ; 5
-9 -10 3 ; -9
-3 5 0 ; 0
-7 6 -9 ; -7
2 -3 -1 ; -1
5 -4 4 ; 4
3 8 -4 ; 3
4 3 -7 ; 3
-9 -10 5 ; -9
0 -10 -1 ; -1
1 -7 4 ; 1
0 2 4 ; 2
-5 9 -3 ; -3
7 -5 -8 ; -5
-1 1 3 ; 1
-2 -3 7 ; -2
1 9 -2 ; 1
0 -3 8 ; 0
-5 -3 -1 ; -3
0 -5 8 ; 0
2 6 -8 ; 2
-2 8 -5 ; -2
-2 -2 -10 ; -2
7 6 -4 ; 6
5 -4 0 ; 0
-9 7 -6 ; -6
4 -4 -9 ; -4
-6 -6 -9 ; -6
4 6 -9 ; 4
1 1 3 ; 1
-10 -3 7 ; -3
7 -5 -5 ; -5
8 -2 -8 ; -2
3 -8 -5 ; -5
8 -2 -2 ; -2
-8 -4 -5 ; -5
-10 1 7 ; 1
-3 -2 -3 ; -3
7 -10 5 ; 5
8 9 0 ; 8
4 -5 2 ; 2
6 -3 2 ; 2
-9 7 6 ; 6
-3 8 9 ; 8
-3 -9 4 ; -3
141 -580 348 ; 141
495 -4 223 ; 223
825 -700 -622 ; -622
-720 -86 -290 ; -290
857 597 -359 ; 597
-393 210 -461 ; -393
-977 117 482 ; 117
-191 506 -981 ; -191
-473 -305 137 ; -305
534 -198 847 ; 534
-713 -29 -748 ; -713
-977 -374 -854 ; -854
-166 714 460 ; 460
-858 -64 546 ; -64
-536 -378 -392 ; -392
864 457 -172 ; 457
-297 360 95 ; 95
-969 -685 -441 ; -685
939 696 174 ; 696
198 -70 851 ; 198
-373 991 -430 ; -373
765 782 -97 ; 765
708 -235 -238 ; -235
794 194 -897 ; 194
-826 -733 -604 ; -733
879 -338 868 ; 868
309 814 -14 ; 309
-169 -2 -980 ; -169
856 -239 -206 ; -206
362 574 -417 ; 362
-225 -681 -945 ; -681
896 -86 279 ; 279
-349 777 260 ; 260
-785 -945 555 ; -785
643 -754 644 ; 643
-640 874 551 ; 551
-322 36 140 ; 36
-746 269 514 ; 269
-442 -224 779 ; -224
593 950 -41 ; 593
-336 -818 652 ; -336
850 926 594 ; 850
801 -787 656 ; 656
-670 682 980 ; 682
-227 617 -430 ; -227
-103 -793 50 ; -103
412 92 298 ; 298
-967 -151 -405 ; -405
-113 -441 -297 ; -297
-49 702 -147 ; -49