C:\Users\gacekpau\OneDrive - Intel Corporation\Desktop\3 ROK ISI\genetyczne-vol2>python runGP.py
Inputs:  [[1], [2], [3], [4], [5], [6], [8], [9], [10], [11], [15], [100]]
Outputs:  [[789], [789], [789], [789], [789], [789], [789], [789], [789], [789], [789], [789]]
Max initial depth:  5
Population size:  10
Crossover rate:  0.9   Mutation rate:  0.1
Random population generated
Generation 0  ------------------------

Best fitness: -10.737642585551335  best indiv:
[83] [] [789]
[83] [] [789]
[83] [] [789]
[83] [] [789]
[83] [] [789]
[83] [] [789]
[83] [] [789]
[83] [] [789]
[83] [] [789]
[83] [] [789]
[83] [] [789]
[83] [] [789]
print(83);  =  -10.737642585551335
Generation 1  ------------------------

Best fitness: -10.555133079847911  best indiv:
[95] [] [789]
[95] [] [789]
[95] [] [789]
[95] [] [789]
[95] [] [789]
[95] [] [789]
[95] [] [789]
[95] [] [789]
[95] [] [789]
[95] [] [789]
[95] [] [789]
[95] [] [789]
print(94+X2);  =  -10.555133079847911
Generation 2  ------------------------

Best fitness: -10.555133079847911  best indiv:
[95] [] [789]
[95] [] [789]
[95] [] [789]
[95] [] [789]
[95] [] [789]
[95] [] [789]
[95] [] [789]
[95] [] [789]
[95] [] [789]
[95] [] [789]
[95] [] [789]
[95] [] [789]
print(94+X2);  =  -10.555133079847911
Generation 3  ------------------------

Best fitness: -10.555133079847911  best indiv:
[95] [] [789]
[95] [] [789]
[95] [] [789]
[95] [] [789]
[95] [] [789]
[95] [] [789]
[95] [] [789]
[95] [] [789]
[95] [] [789]
[95] [] [789]
[95] [] [789]
[95] [] [789]
print(94+X2);  =  -10.555133079847911
Generation 4  ------------------------

Best fitness: -10.555133079847911  best indiv:
[95] [] [789]
[95] [] [789]
[95] [] [789]
[95] [] [789]
[95] [] [789]
[95] [] [789]
[95] [] [789]
[95] [] [789]
[95] [] [789]
[95] [] [789]
[95] [] [789]
[95] [] [789]
print(94+X2);  =  -10.555133079847911
Generation 5  ------------------------

Best fitness: -10.555133079847911  best indiv:
[95] [] [789]
[95] [] [789]
[95] [] [789]
[95] [] [789]
[95] [] [789]
[95] [] [789]
[95] [] [789]
[95] [] [789]
[95] [] [789]
[95] [] [789]
[95] [] [789]
[95] [] [789]
print(94+X2);  =  -10.555133079847911
Generation 6  ------------------------

Best fitness: -10.555133079847911  best indiv:
[95] [] [789]
[95] [] [789]
[95] [] [789]
[95] [] [789]
[95] [] [789]
[95] [] [789]
[95] [] [789]
[95] [] [789]
[95] [] [789]
[95] [] [789]
[95] [] [789]
[95] [] [789]
print(94+X2);  =  -10.555133079847911
Generation 7  ------------------------

Best fitness: -10.539923954372625  best indiv:
[96] [] [789]
[96] [] [789]
[96] [] [789]
[96] [] [789]
[96] [] [789]
[96] [] [789]
[96] [] [789]
[96] [] [789]
[96] [] [789]
[96] [] [789]
[96] [] [789]
[96] [] [789]
print(94+X2+X2);  =  -10.539923954372625
Generation 8  ------------------------

Best fitness: -10.524714828897338  best indiv:
[97] [] [789]
[97] [] [789]
[97] [] [789]
[97] [] [789]
[97] [] [789]
[97] [] [789]
[97] [] [789]
[97] [] [789]
[97] [] [789]
[97] [] [789]
[97] [] [789]
[97] [] [789]
print(94+X2+X2+X2);  =  -10.524714828897338
Generation 9  ------------------------

Best fitness: -10.524714828897338  best indiv:
[97] [] [789]
[97] [] [789]
[97] [] [789]
[97] [] [789]
[97] [] [789]
[97] [] [789]
[97] [] [789]
[97] [] [789]
[97] [] [789]
[97] [] [789]
[97] [] [789]
[97] [] [789]
print(94+X2+X2+X2);  =  -10.524714828897338
Generation 10  ------------------------

Best fitness: -10.524714828897338  best indiv:
[97] [] [789]
[97] [] [789]
[97] [] [789]
[97] [] [789]
[97] [] [789]
[97] [] [789]
[97] [] [789]
[97] [] [789]
[97] [] [789]
[97] [] [789]
[97] [] [789]
[97] [] [789]
print(94+X2+X2+X2);  =  -10.524714828897338
Generation 11  ------------------------

Best fitness: -10.524714828897338  best indiv:
[97] [] [789]
[97] [] [789]
[97] [] [789]
[97] [] [789]
[97] [] [789]
[97] [] [789]
[97] [] [789]
[97] [] [789]
[97] [] [789]
[97] [] [789]
[97] [] [789]
[97] [] [789]
print(94+X2+X2+X2);  =  -10.524714828897338
Generation 12  ------------------------

Best fitness: -10.509505703422052  best indiv:
[98] [] [789]
[98] [] [789]
[98] [] [789]
[98] [] [789]
[98] [] [789]
[98] [] [789]
[98] [] [789]
[98] [] [789]
[98] [] [789]
[98] [] [789]
[98] [] [789]
[98] [] [789]
print(94+X2+X2+X2+X2);  =  -10.509505703422052
Generation 13  ------------------------

Best fitness: -10.479087452471482  best indiv:
[100] [] [789]
[100] [] [789]
[100] [] [789]
[100] [] [789]
[100] [] [789]
[100] [] [789]
[100] [] [789]
[100] [] [789]
[100] [] [789]
[100] [] [789]
[100] [] [789]
[100] [] [789]
print(94+X2+X2+X2+X2+X2+X2);  =  -10.479087452471482
Generation 14  ------------------------

Best fitness: -10.479087452471482  best indiv:
[100] [] [789]
[100] [] [789]
[100] [] [789]
[100] [] [789]
[100] [] [789]
[100] [] [789]
[100] [] [789]
[100] [] [789]
[100] [] [789]
[100] [] [789]
[100] [] [789]
[100] [] [789]
print(94+X2+X2+X2+X2+X2+X2);  =  -10.479087452471482
Generation 15  ------------------------

Best fitness: -10.479087452471482  best indiv:
[100] [] [789]
[100] [] [789]
[100] [] [789]
[100] [] [789]
[100] [] [789]
[100] [] [789]
[100] [] [789]
[100] [] [789]
[100] [] [789]
[100] [] [789]
[100] [] [789]
[100] [] [789]
print(94+X2+X2+X2+X2+X2+X2);  =  -10.479087452471482
Generation 16  ------------------------

Best fitness: -9.642585551330797  best indiv:
[155] [] [789]
[155] [] [789]
[155] [] [789]
[155] [] [789]
[155] [] [789]
[155] [] [789]
[155] [] [789]
[155] [] [789]
[155] [] [789]
[155] [] [789]
[155] [] [789]
[155] [] [789]
print(94+X2+X2+X2+56+X7+X2);  =  -9.642585551330797
Generation 17  ------------------------

Best fitness: -9.642585551330797  best indiv:
[155] [] [789]
[155] [] [789]
[155] [] [789]
[155] [] [789]
[155] [] [789]
[155] [] [789]
[155] [] [789]
[155] [] [789]
[155] [] [789]
[155] [] [789]
[155] [] [789]
[155] [] [789]
print(94+X2+X2+X2+56+X7+X2);  =  -9.642585551330797
Generation 18  ------------------------

Best fitness: -9.642585551330797  best indiv:
[155] [] [789]
[155] [] [789]
[155] [] [789]
[155] [] [789]
[155] [] [789]
[155] [] [789]
[155] [] [789]
[155] [] [789]
[155] [] [789]
[155] [] [789]
[155] [] [789]
[155] [] [789]
print(94+X2+X2+X2+56+X7+X2);  =  -9.642585551330797
Generation 19  ------------------------

Best fitness: -9.642585551330797  best indiv:
[155] [] [789]
[155] [] [789]
[155] [] [789]
[155] [] [789]
[155] [] [789]
[155] [] [789]
[155] [] [789]
[155] [] [789]
[155] [] [789]
[155] [] [789]
[155] [] [789]
[155] [] [789]
print(94+X2+X2+X2+56+X7+X2);  =  -9.642585551330797
Generation 20  ------------------------

Best fitness: -8.745247148288971  best indiv:
[214] [] [789]
[214] [] [789]
[214] [] [789]
[214] [] [789]
[214] [] [789]
[214] [] [789]
[214] [] [789]
[214] [] [789]
[214] [] [789]
[214] [] [789]
[214] [] [789]
[214] [] [789]
print(94+X2+X2+X2+56+X2+X2+X2+56+X7+X2);  =  -8.745247148288971
Generation 21  ------------------------

Best fitness: -8.745247148288971  best indiv:
[214] [] [789]
[214] [] [789]
[214] [] [789]
[214] [] [789]
[214] [] [789]
[214] [] [789]
[214] [] [789]
[214] [] [789]
[214] [] [789]
[214] [] [789]
[214] [] [789]
[214] [] [789]
print(94+X2+X2+X2+56+X2+X2+X2+56+X7+X2);  =  -8.745247148288971
Generation 22  ------------------------

Best fitness: -7.893536121673005  best indiv:
[270] [] [789]
[270] [] [789]
[270] [] [789]
[270] [] [789]
[270] [] [789]
[270] [] [789]
[270] [] [789]
[270] [] [789]
[270] [] [789]
[270] [] [789]
[270] [] [789]
[270] [] [789]
print(94+X2+X2+X2+56+X2+X2+56+X2+56+X7+X2);  =  -7.893536121673005
Generation 23  ------------------------

Best fitness: -7.893536121673005  best indiv:
[270] [] [789]
[270] [] [789]
[270] [] [789]
[270] [] [789]
[270] [] [789]
[270] [] [789]
[270] [] [789]
[270] [] [789]
[270] [] [789]
[270] [] [789]
[270] [] [789]
[270] [] [789]
print(94+X2+X2+X2+56+X2+X2+56+X2+56+X7+X2);  =  -7.893536121673005
Generation 24  ------------------------

Best fitness: -7.893536121673005  best indiv:
[270] [] [789]
[270] [] [789]
[270] [] [789]
[270] [] [789]
[270] [] [789]
[270] [] [789]
[270] [] [789]
[270] [] [789]
[270] [] [789]
[270] [] [789]
[270] [] [789]
[270] [] [789]
print(94+X2+X2+X2+56+X2+X2+56+X2+56+X7+X2);  =  -7.893536121673005
Generation 25  ------------------------

Best fitness: -7.893536121673005  best indiv:
[270] [] [789]
[270] [] [789]
[270] [] [789]
[270] [] [789]
[270] [] [789]
[270] [] [789]
[270] [] [789]
[270] [] [789]
[270] [] [789]
[270] [] [789]
[270] [] [789]
[270] [] [789]
print(94+X2+X2+X2+56+X2+X2+56+X2+56+X7+X2);  =  -7.893536121673005
Generation 26  ------------------------

Best fitness: -7.26996197718631  best indiv:
[311] [] [789]
[311] [] [789]
[311] [] [789]
[311] [] [789]
[311] [] [789]
[311] [] [789]
[311] [] [789]
[311] [] [789]
[311] [] [789]
[311] [] [789]
[311] [] [789]
[311] [] [789]
print(94+X2+X2+X2+56+X2+X2+56+X2+94+X2+X2+X2+X7+X2);  =  -7.26996197718631
Generation 27  ------------------------

Best fitness: -6.920152091254753  best indiv:
[334] [] [789]
[334] [] [789]
[334] [] [789]
[334] [] [789]
[334] [] [789]
[334] [] [789]
[334] [] [789]
[334] [] [789]
[334] [] [789]
[334] [] [789]
[334] [] [789]
[334] [] [789]
print(94+X2+X2+X2+56+X2+X2+56+X2+2+X2+X2+X2+56+X2+X2+56+X2+X7+X2);  =  -6.920152091254753
Generation 28  ------------------------

Best fitness: -6.296577946768063  best indiv:
[375] [] [789]
[375] [] [789]
[375] [] [789]
[375] [] [789]
[375] [] [789]
[375] [] [789]
[375] [] [789]
[375] [] [789]
[375] [] [789]
[375] [] [789]
[375] [] [789]
[375] [] [789]
print(94+X2+X2+X2+56+X2+X2+56+X2+94+X2+X9+X2+X7+65);  =  -6.296577946768063
Generation 29  ------------------------

Best fitness: -6.022813688212929  best indiv:
[393] [] [789]
[393] [] [789]
[393] [] [789]
[393] [] [789]
[393] [] [789]
[393] [] [789]
[393] [] [789]
[393] [] [789]
[393] [] [789]
[393] [] [789]
[393] [] [789]
[393] [] [789]
print(94+X2+X2+X2+56+X2+X2+56+X2+X2+X2+56+X2+2+X2+X2+X2+56+X2+X2+56+X2+X7+X2);  =  -6.022813688212929
Generation 30  ------------------------

Best fitness: -6.022813688212929  best indiv:
[393] [] [789]
[393] [] [789]
[393] [] [789]
[393] [] [789]
[393] [] [789]
[393] [] [789]
[393] [] [789]
[393] [] [789]
[393] [] [789]
[393] [] [789]
[393] [] [789]
[393] [] [789]
print(94+X2+X2+X2+56+X2+X2+56+X2+X2+X2+56+X2+2+X2+X2+X2+56+X2+X2+56+X2+X7+X2);  =  -6.022813688212929
Generation 31  ------------------------

Best fitness: -1.6730038022813682  best indiv:
[679] [] [789]
[679] [] [789]
[679] [] [789]
[679] [] [789]
[679] [] [789]
[679] [] [789]
[679] [] [789]
[679] [] [789]
[679] [] [789]
[679] [] [789]
[679] [] [789]
[679] [] [789]
print(94+X2+X2+X2+56+X2+94+X2+X2+X2+56+X2+56+X7+X2+56+X2+94+X2+X2+X2+X7+X2+X2+56+X2+94+X2+X2+X2+X7+X2);  =  -1.6730038022813682
Generation 32  ------------------------

Best fitness: -0.19771863117870728  best indiv:
[802] [] [789]
[802] [] [789]
[802] [] [789]
[802] [] [789]
[802] [] [789]
[802] [] [789]
[802] [] [789]
[802] [] [789]
[802] [] [789]
[802] [] [789]
[802] [] [789]
[802] [] [789]
print(94+X2+X2+X2+56+X2+94+X2+X2+X2+56+X2+56+X7+X2+56+X2+94+X2+X2+X2+X7+X2+X2+X2+56+X2+X2+56+X2+94+X2+X9+X2+X7+65);  =  -0.19771863117870728
Generation 33  ------------------------

Best fitness: -0.19771863117870728  best indiv:
[802] [] [789]
[802] [] [789]
[802] [] [789]
[802] [] [789]
[802] [] [789]
[802] [] [789]
[802] [] [789]
[802] [] [789]
[802] [] [789]
[802] [] [789]
[802] [] [789]
[802] [] [789]
print(94+X2+X2+X2+56+X2+94+X2+X2+X2+56+X2+56+X7+X2+56+X2+94+X2+X2+X2+X7+X2+X2+X2+56+X2+X2+56+X2+94+X2+X9+X2+X7+65);  =  -0.19771863117870728
Generation 34  ------------------------

Best fitness: -0.19771863117870728  best indiv:
[802] [] [789]
[802] [] [789]
[802] [] [789]
[802] [] [789]
[802] [] [789]
[802] [] [789]
[802] [] [789]
[802] [] [789]
[802] [] [789]
[802] [] [789]
[802] [] [789]
[802] [] [789]
print(94+X2+X2+X2+56+X2+94+X2+X2+X2+56+X2+56+X7+X2+56+X2+94+X2+X2+X2+X7+X2+X2+X2+56+X2+X2+56+X2+94+X2+X9+X2+X7+65);  =  -0.19771863117870728
Generation 35  ------------------------

Best fitness: -0.19771863117870728  best indiv:
[802] [] [789]
[802] [] [789]
[802] [] [789]
[802] [] [789]
[802] [] [789]
[802] [] [789]
[802] [] [789]
[802] [] [789]
[802] [] [789]
[802] [] [789]
[802] [] [789]
[802] [] [789]
print(94+X2+X2+X2+56+X2+94+X2+X2+X2+56+X2+56+X7+X2+56+X2+94+X2+X2+X2+X7+X2+X2+X2+56+X2+X2+56+X2+94+X2+X9+X2+X7+65);  =  -0.19771863117870728
Generation 36  ------------------------

Best fitness: -0.19771863117870728  best indiv:
[802] [] [789]
[802] [] [789]
[802] [] [789]
[802] [] [789]
[802] [] [789]
[802] [] [789]
[802] [] [789]
[802] [] [789]
[802] [] [789]
[802] [] [789]
[802] [] [789]
[802] [] [789]
print(94+X2+X2+X2+56+X2+94+X2+X2+X2+56+X2+56+X7+X2+56+X2+94+X2+X2+X2+X7+X2+X2+X2+56+X2+X2+56+X2+94+X2+X9+X2+X7+65);  =  -0.19771863117870728
Generation 37  ------------------------

Best fitness: -0.19771863117870728  best indiv:
[802] [] [789]
[802] [] [789]
[802] [] [789]
[802] [] [789]
[802] [] [789]
[802] [] [789]
[802] [] [789]
[802] [] [789]
[802] [] [789]
[802] [] [789]
[802] [] [789]
[802] [] [789]
print(94+X2+X2+X2+56+X2+94+X2+X2+X2+56+X2+56+X7+X2+56+X2+94+X2+X2+X2+X7+X2+X2+X2+56+X2+X2+56+X2+94+X2+X9+X2+X7+65);  =  -0.19771863117870728
Generation 38  ------------------------

Best fitness: -0.19771863117870728  best indiv:
[802] [] [789]
[802] [] [789]
[802] [] [789]
[802] [] [789]
[802] [] [789]
[802] [] [789]
[802] [] [789]
[802] [] [789]
[802] [] [789]
[802] [] [789]
[802] [] [789]
[802] [] [789]
print(94+X2+X2+X2+56+X2+94+X2+X2+X2+56+X2+56+X7+X2+56+X2+94+X2+X2+X2+X7+X2+X2+X2+56+X2+X2+56+X2+94+X2+X9+X2+X7+65);  =  -0.19771863117870728
Generation 39  ------------------------

Best fitness: -0.19771863117870728  best indiv:
[802] [] [789]
[802] [] [789]
[802] [] [789]
[802] [] [789]
[802] [] [789]
[802] [] [789]
[802] [] [789]
[802] [] [789]
[802] [] [789]
[802] [] [789]
[802] [] [789]
[802] [] [789]
print(94+X2+X2+X2+56+X2+94+X2+X2+X2+56+X2+56+X7+X2+56+X2+94+X2+X9+X2+X7+X2+X2+X2+56+X2+X2+56+X2+94+X2+X2+X2+X7+65);  =  -0.19771863117870728
Generation 40  ------------------------

Best fitness: -0.19771863117870728  best indiv:
[802] [] [789]
[802] [] [789]
[802] [] [789]
[802] [] [789]
[802] [] [789]
[802] [] [789]
[802] [] [789]
[802] [] [789]
[802] [] [789]
[802] [] [789]
[802] [] [789]
[802] [] [789]
print(94+X2+X2+X2+56+X2+94+X2+X2+X2+56+X2+56+X7+X2+56+X2+94+X2+X2+X2+X2+X2+X2+X2+56+X2+X2+56+X2+94+X2+X9+X2+X7+65);  =  -0.19771863117870728
Generation 41  ------------------------

Best fitness: -0.19771863117870728  best indiv:
[802] [] [789]
[802] [] [789]
[802] [] [789]
[802] [] [789]
[802] [] [789]
[802] [] [789]
[802] [] [789]
[802] [] [789]
[802] [] [789]
[802] [] [789]
[802] [] [789]
[802] [] [789]
print(94+X2+X2+X2+56+X2+94+X2+X2+X2+56+X2+56+X7+X2+56+X2+94+X2+X2+X2+X2+X2+X2+X2+56+X2+X2+56+X2+94+X2+X9+X2+X7+65);  =  -0.19771863117870728
Generation 42  ------------------------

Best fitness: -0.19771863117870728  best indiv:
[802] [] [789]
[802] [] [789]
[802] [] [789]
[802] [] [789]
[802] [] [789]
[802] [] [789]
[802] [] [789]
[802] [] [789]
[802] [] [789]
[802] [] [789]
[802] [] [789]
[802] [] [789]
print(94+X2+X2+X2+56+X2+94+X2+X2+X2+56+X2+56+X9+X2+56+X2+94+X2+X2+X2+X7+X2+X2+X2+56+X2+X2+56+X2+94+X2+X2+X2+X7+65);  =  -0.19771863117870728
Generation 43  ------------------------

Best fitness: -0.19771863117870728  best indiv:
[802] [] [789]
[802] [] [789]
[802] [] [789]
[802] [] [789]
[802] [] [789]
[802] [] [789]
[802] [] [789]
[802] [] [789]
[802] [] [789]
[802] [] [789]
[802] [] [789]
[802] [] [789]
print(94+X2+X2+X2+56+X2+94+X2+X2+X2+56+X2+56+X2+X2+56+X2+94+X2+X2+X2+X7+X7+X2+X2+56+X2+X2+56+X2+94+X2+X9+X2+X7+65);  =  -0.19771863117870728


----------------------------------
-----------------------------------
----------------------------------


Inputs:  [[1], [2], [3], [4], [5], [6], [8], [9], [10], [11], [15], [100]]
Outputs:  [[789], [789], [789], [789], [789], [789], [789], [789], [789], [789], [789], [789]]
Max initial depth:  5
Population size:  10
Crossover rate:  0.9   Mutation rate:  0.1
Random population generated
Generation 0  ------------------------

Best fitness: -9.749049429657795  best indiv:
[148] [] [789]
[148] [] [789]
[148] [] [789]
[148] [] [789]
[148] [] [789]
[148] [] [789]
[148] [] [789]
[148] [] [789]
[148] [] [789]
[148] [] [789]
[148] [] [789]
[148] [] [789]
X1=88-X1+61;print(X1);  =  -9.749049429657795
Generation 1  ------------------------

Best fitness: -9.749049429657795  best indiv:
[148] [] [789]
[148] [] [789]
[148] [] [789]
[148] [] [789]
[148] [] [789]
[148] [] [789]
[148] [] [789]
[148] [] [789]
[148] [] [789]
[148] [] [789]
[148] [] [789]
[148] [] [789]
X1=88-X1+61;print(X1);  =  -9.749049429657795
Generation 2  ------------------------

Best fitness: -9.749049429657795  best indiv:
[148] [] [789]
[148] [] [789]
[148] [] [789]
[148] [] [789]
[148] [] [789]
[148] [] [789]
[148] [] [789]
[148] [] [789]
[148] [] [789]
[148] [] [789]
[148] [] [789]
[148] [] [789]
print(88-X1+61);  =  -9.749049429657795
Generation 3  ------------------------

Best fitness: -9.749049429657795  best indiv:
[148] [] [789]
[148] [] [789]
[148] [] [789]
[148] [] [789]
[148] [] [789]
[148] [] [789]
[148] [] [789]
[148] [] [789]
[148] [] [789]
[148] [] [789]
[148] [] [789]
[148] [] [789]
X1=88-X1+61;print(X1);  =  -9.749049429657795
Generation 4  ------------------------

Best fitness: -9.749049429657795  best indiv:
[148] [] [789]
[148] [] [789]
[148] [] [789]
[148] [] [789]
[148] [] [789]
[148] [] [789]
[148] [] [789]
[148] [] [789]
[148] [] [789]
[148] [] [789]
[148] [] [789]
[148] [] [789]
print(88-X1+61);  =  -9.749049429657795
Generation 5  ------------------------

Best fitness: -9.749049429657795  best indiv:
[148] [] [789]
[148] [] [789]
[148] [] [789]
[148] [] [789]
[148] [] [789]
[148] [] [789]
[148] [] [789]
[148] [] [789]
[148] [] [789]
[148] [] [789]
[148] [] [789]
[148] [] [789]
X1=88-X3+61;print(X1);  =  -9.749049429657795
Generation 6  ------------------------

Best fitness: -9.733840304182513  best indiv:
[149] [] [789]
[149] [] [789]
[149] [] [789]
[149] [] [789]
[149] [] [789]
[149] [] [789]
[149] [] [789]
[149] [] [789]
[149] [] [789]
[149] [] [789]
[149] [] [789]
[149] [] [789]
X1=88-X3+X1+61;print(X1);  =  -9.733840304182513
Generation 7  ------------------------

Best fitness: -9.733840304182513  best indiv:
[149] [] [789]
[149] [] [789]
[149] [] [789]
[149] [] [789]
[149] [] [789]
[149] [] [789]
[149] [] [789]
[149] [] [789]
[149] [] [789]
[149] [] [789]
[149] [] [789]
[149] [] [789]
X1=88-X3+X1+61;print(X1);  =  -9.733840304182513
Generation 8  ------------------------

Best fitness: -9.733840304182513  best indiv:
[149] [] [789]
[149] [] [789]
[149] [] [789]
[149] [] [789]
[149] [] [789]
[149] [] [789]
[149] [] [789]
[149] [] [789]
[149] [] [789]
[149] [] [789]
[149] [] [789]
[149] [] [789]
X1=88-X3+X1+61;print(X1);  =  -9.733840304182513
Generation 9  ------------------------

Best fitness: -9.733840304182513  best indiv:
[149] [] [789]
[149] [] [789]
[149] [] [789]
[149] [] [789]
[149] [] [789]
[149] [] [789]
[149] [] [789]
[149] [] [789]
[149] [] [789]
[149] [] [789]
[149] [] [789]
[149] [] [789]
X1=88-X3+X1+61;print(X1);  =  -9.733840304182513
Generation 10  ------------------------

Best fitness: -8.8212927756654  best indiv:
[209] [] [789]
[209] [] [789]
[209] [] [789]
[209] [] [789]
[209] [] [789]
[209] [] [789]
[209] [] [789]
[209] [] [789]
[209] [] [789]
[209] [] [789]
[209] [] [789]
[209] [] [789]
X1=88-X3+X1+61-X1+61;print(X1);  =  -8.8212927756654
Generation 11  ------------------------

Best fitness: -8.806083650190113  best indiv:
[210] [] [789]
[210] [] [789]
[210] [] [789]
[210] [] [789]
[210] [] [789]
[210] [] [789]
[210] [] [789]
[210] [] [789]
[210] [] [789]
[210] [] [789]
[210] [] [789]
[210] [] [789]
X1=88-X3+X1+61-X1+X1+61;print(X1);  =  -8.806083650190113
Generation 12  ------------------------

Best fitness: -8.806083650190113  best indiv:
[210] [] [789]
[210] [] [789]
[210] [] [789]
[210] [] [789]
[210] [] [789]
[210] [] [789]
[210] [] [789]
[210] [] [789]
[210] [] [789]
[210] [] [789]
[210] [] [789]
[210] [] [789]
X1=88-X3+X1+61-X1+X1+61;print(X1);  =  -8.806083650190113
Generation 13  ------------------------

Best fitness: -8.806083650190113  best indiv:
[210] [] [789]
[210] [] [789]
[210] [] [789]
[210] [] [789]
[210] [] [789]
[210] [] [789]
[210] [] [789]
[210] [] [789]
[210] [] [789]
[210] [] [789]
[210] [] [789]
[210] [] [789]
X1=88-X3+X1+61-X1+X1+61;print(X1);  =  -8.806083650190113
Generation 14  ------------------------

Best fitness: -8.410646387832701  best indiv:
[236] [] [789]
[236] [] [789]
[236] [] [789]
[236] [] [789]
[236] [] [789]
[236] [] [789]
[236] [] [789]
[236] [] [789]
[236] [] [789]
[236] [] [789]
[236] [] [789]
[236] [] [789]
X1=88-X3+88-X1+X1+61;print(X1);  =  -8.410646387832701
Generation 15  ------------------------

Best fitness: -7.49809885931559  best indiv:
[296] [] [789]
[296] [] [789]
[296] [] [789]
[296] [] [789]
[296] [] [789]
[296] [] [789]
[296] [] [789]
[296] [] [789]
[296] [] [789]
[296] [] [789]
[296] [] [789]
[296] [] [789]
X1=88-X3+X1+61-X1+88-X3+X1+61-X1;print(X1);  =  -7.49809885931559
Generation 16  ------------------------

Best fitness: -7.4676806083650185  best indiv:
[298] [] [789]
[298] [] [789]
[298] [] [789]
[298] [] [789]
[298] [] [789]
[298] [] [789]
[298] [] [789]
[298] [] [789]
[298] [] [789]
[298] [] [789]
[298] [] [789]
[298] [] [789]
X1=88-X3+X1+61-X1+X1+61+88;print(X1);  =  -7.4676806083650185
Generation 17  ------------------------

Best fitness: -7.4676806083650185  best indiv:
[298] [] [789]
[298] [] [789]
[298] [] [789]
[298] [] [789]
[298] [] [789]
[298] [] [789]
[298] [] [789]
[298] [] [789]
[298] [] [789]
[298] [] [789]
[298] [] [789]
[298] [] [789]
X1=88-X3+X1+61-X1+X1+61+88;print(X1);  =  -7.4676806083650185
Generation 18  ------------------------

Best fitness: -7.4676806083650185  best indiv:
[298] [] [789]
[298] [] [789]
[298] [] [789]
[298] [] [789]
[298] [] [789]
[298] [] [789]
[298] [] [789]
[298] [] [789]
[298] [] [789]
[298] [] [789]
[298] [] [789]
[298] [] [789]
X1=88-X3+X1+61-X1+X1+61+88;print(X1);  =  -7.4676806083650185
Generation 19  ------------------------

Best fitness: -7.4676806083650185  best indiv:
[298] [] [789]
[298] [] [789]
[298] [] [789]
[298] [] [789]
[298] [] [789]
[298] [] [789]
[298] [] [789]
[298] [] [789]
[298] [] [789]
[298] [] [789]
[298] [] [789]
[298] [] [789]
X1=88-X3+X1+61-X1+X1+61+88;print(X1);  =  -7.4676806083650185
Generation 20  ------------------------

Best fitness: -7.4676806083650185  best indiv:
[298] [] [789]
[298] [] [789]
[298] [] [789]
[298] [] [789]
[298] [] [789]
[298] [] [789]
[298] [] [789]
[298] [] [789]
[298] [] [789]
[298] [] [789]
[298] [] [789]
[298] [] [789]
X1=88-X3+X1+61-X1+X1+61+88;print(X1);  =  -7.4676806083650185
Generation 21  ------------------------

Best fitness: -7.4676806083650185  best indiv:
[298] [] [789]
[298] [] [789]
[298] [] [789]
[298] [] [789]
[298] [] [789]
[298] [] [789]
[298] [] [789]
[298] [] [789]
[298] [] [789]
[298] [] [789]
[298] [] [789]
[298] [] [789]
X1=88-X3+X1+61-X1+X1+61+88;print(X1);  =  -7.4676806083650185
Generation 22  ------------------------

Best fitness: -5.216730038022813  best indiv:
[446] [] [789]
[446] [] [789]
[446] [] [789]
[446] [] [789]
[446] [] [789]
[446] [] [789]
[446] [] [789]
[446] [] [789]
[446] [] [789]
[446] [] [789]
[446] [] [789]
[446] [] [789]
X1=88-X3+88-X3+X1+61-X1+X1+61-X1+X1+61+88;print(X1);  =  -5.216730038022813
Generation 23  ------------------------

Best fitness: -3.3612167300380222  best indiv:
[568] [] [789]
[568] [] [789]
[568] [] [789]
[568] [] [789]
[568] [] [789]
[568] [] [789]
[568] [] [789]
[568] [] [789]
[568] [] [789]
[568] [] [789]
[568] [] [789]
[568] [] [789]
X1=88-X3+88-X3+X1+61-X1+X1+61-X3+X1+61-X1+X1+61-X1+X1+61+88;print(X1);  =  -3.3612167300380222
Generation 24  ------------------------

Best fitness: -3.3612167300380222  best indiv:
[568] [] [789]
[568] [] [789]
[568] [] [789]
[568] [] [789]
[568] [] [789]
[568] [] [789]
[568] [] [789]
[568] [] [789]
[568] [] [789]
[568] [] [789]
[568] [] [789]
[568] [] [789]
X1=88-X3+88-X3+X1+61-X1+X1+61-X3+X1+61-X1+X1+61-X1+X1+61+88;print(X1);  =  -3.3612167300380222
Generation 25  ------------------------

Best fitness: -3.3612167300380222  best indiv:
[568] [] [789]
[568] [] [789]
[568] [] [789]
[568] [] [789]
[568] [] [789]
[568] [] [789]
[568] [] [789]
[568] [] [789]
[568] [] [789]
[568] [] [789]
[568] [] [789]
[568] [] [789]
X1=88-X3+88-X3+X1+61-X1+X1+61-X3+X1+61-X1+X1+61-X1+X1+61+88;print(X1);  =  -3.3612167300380222
Generation 26  ------------------------

Best fitness: -3.8783269961977194  best indiv:
[534] [] [789]
[534] [] [789]
[534] [] [789]
[534] [] [789]
[534] [] [789]
[534] [] [789]
[534] [] [789]
[534] [] [789]
[534] [] [789]
[534] [] [789]
[534] [] [789]
[534] [] [789]
X1=88-X3+88-X3+88+X1+61-X1+X1+61-X1+X1+61+88;print(X1);  =  -3.8783269961977194
Generation 27  ------------------------

Best fitness: -4.273764258555134  best indiv:
[508] [] [789]
[508] [] [789]
[508] [] [789]
[508] [] [789]
[508] [] [789]
[508] [] [789]
[508] [] [789]
[508] [] [789]
[508] [] [789]
[508] [] [789]
[508] [] [789]
[508] [] [789]
X1=88-X3+88-X3+X1+X1-X1+X1+61-X3+X1+61-X1+X1+61-X1+X1+61+88;print(X1);  =  -4.273764258555134
Generation 28  ------------------------

Best fitness: -2.0228136882129273  best indiv:
[656] [] [789]
[656] [] [789]
[656] [] [789]
[656] [] [789]
[656] [] [789]
[656] [] [789]
[656] [] [789]
[656] [] [789]
[656] [] [789]
[656] [] [789]
[656] [] [789]
[656] [] [789]
X1=88-X3+88-X3+88-X3+X1+X1-X1+X1+61-X3+X1+61-X1+X1+61-X1+X1+61-X1+X1+61+88;print(X1);  =  -2.0228136882129273
Generation 29  ------------------------

Best fitness: -2.0228136882129273  best indiv:
[656] [] [789]
[656] [] [789]
[656] [] [789]
[656] [] [789]
[656] [] [789]
[656] [] [789]
[656] [] [789]
[656] [] [789]
[656] [] [789]
[656] [] [789]
[656] [] [789]
[656] [] [789]
X1=88-X3+88-X3+88-X3+X1+X1-X1+X1+61-X3+X1+61-X1+X1+61-X1+X1+61-X1+X1+61+88;print(X1);  =  -2.0228136882129273
Generation 30  ------------------------

Best fitness: -2.0228136882129273  best indiv:
[656] [] [789]
[656] [] [789]
[656] [] [789]
[656] [] [789]
[656] [] [789]
[656] [] [789]
[656] [] [789]
[656] [] [789]
[656] [] [789]
[656] [] [789]
[656] [] [789]
[656] [] [789]
X1=88-X3+88-X3+88-X3+X1+X1-X1+X1+61-X3+X1+61-X1+X1+61-X1+X1+61-X1+X1+61+88;print(X1);  =  -2.0228136882129273
Generation 31  ------------------------

Best fitness: -0.13688212927756654  best indiv:
[780] [] [789]
[780] [] [789]
[780] [] [789]
[780] [] [789]
[780] [] [789]
[780] [] [789]
[780] [] [789]
[780] [] [789]
[780] [] [789]
[780] [] [789]
[780] [] [789]
[780] [] [789]
X1=88-X3+88-X3+88-X3+X1+X1-X1+X1+61-X3+X1+61-X1+X1+61-X1+X1+61+88+X1+61-88+X1+61-X7+X1+61+88;print(X1);  =  -0.13688212927756654
Generation 32  ------------------------

Best fitness: -0.13688212927756654  best indiv:
[780] [] [789]
[780] [] [789]
[780] [] [789]
[780] [] [789]
[780] [] [789]
[780] [] [789]
[780] [] [789]
[780] [] [789]
[780] [] [789]
[780] [] [789]
[780] [] [789]
[780] [] [789]
X1=88-X3+88-X3+88-X3+X1+X1-X1+X1+61-X3+X1+61-X1+X1+61-X1+X1+61+88+X1+61-88+X1+61-X7+X1+61+88;print(X1);  =  -0.13688212927756654
Generation 33  ------------------------

Best fitness: -0.13688212927756654  best indiv:
[780] [] [789]
[780] [] [789]
[780] [] [789]
[780] [] [789]
[780] [] [789]
[780] [] [789]
[780] [] [789]
[780] [] [789]
[780] [] [789]
[780] [] [789]
[780] [] [789]
[780] [] [789]
X1=88-X3+88-X3+88-X3+X1+X1-X1+X1+61-X3+X1+61-X1+X1+61-X1+X1+61+88+X1+61-88+X1+61-X7+X1+61+88;print(X1);  =  -0.13688212927756654
Generation 34  ------------------------

Best fitness: -0.13688212927756654  best indiv:
[780] [] [789]
[780] [] [789]
[780] [] [789]
[780] [] [789]
[780] [] [789]
[780] [] [789]
[780] [] [789]
[780] [] [789]
[780] [] [789]
[780] [] [789]
[780] [] [789]
[780] [] [789]
X1=88-X3+88-X3+88-X3+X1+X1-X1+X1+61-X3+X1+61-X1+X1+61-X1+X1+61+88+X1+61-88+X1+61-X7+X1+61+88;print(X1);  =  -0.13688212927756654
Generation 35  ------------------------

Best fitness: -0.13688212927756654  best indiv:
[780] [] [789]
[780] [] [789]
[780] [] [789]
[780] [] [789]
[780] [] [789]
[780] [] [789]
[780] [] [789]
[780] [] [789]
[780] [] [789]
[780] [] [789]
[780] [] [789]
[780] [] [789]
X1=88-X3+88-X3+88-X3+X1+X1-X1+X1+61-X3+X1+61-X1+X1+61-X1+X1+61+88+X1+61-88+X1+61-X7+X1+61+88;print(X1);  =  -0.13688212927756654
Generation 36  ------------------------

Best fitness: -0.13688212927756654  best indiv:
[780] [] [789]
[780] [] [789]
[780] [] [789]
[780] [] [789]
[780] [] [789]
[780] [] [789]
[780] [] [789]
[780] [] [789]
[780] [] [789]
[780] [] [789]
[780] [] [789]
[780] [] [789]
X1=88-X3+88-X3+88-X3+X1+X1-X1+X1+61-X3+X1+61-X1+X1+61-X1+X1+61+88+X3+61-88+X1+61-X7+X1+61+88;print(X1);  =  -0.13688212927756654
Generation 37  ------------------------

Best fitness: -0.13688212927756654  best indiv:
[780] [] [789]
[780] [] [789]
[780] [] [789]
[780] [] [789]
[780] [] [789]
[780] [] [789]
[780] [] [789]
[780] [] [789]
[780] [] [789]
[780] [] [789]
[780] [] [789]
[780] [] [789]
X1=88-X3+88-X3+88-X3+X1+X1-X1+X1+61-X3+X1+61-X1+X1+61-X1+X1+61+88+X3+61-88+X1+61-X7+X1+61+88;print(X1);  =  -0.13688212927756654
Generation 38  ------------------------

Best fitness: -0.13688212927756654  best indiv:
[780] [] [789]
[780] [] [789]
[780] [] [789]
[780] [] [789]
[780] [] [789]
[780] [] [789]
[780] [] [789]
[780] [] [789]
[780] [] [789]
[780] [] [789]
[780] [] [789]
[780] [] [789]
X1=88-X3+88-X3+88-X3+X1+X1-X1+X1+61-X3+X1+61-X1+X1+61-X1+X1+61+88+X3+61-88+X1+61-X7+X1+61+88;print(X1);  =  -0.13688212927756654
Generation 39  ------------------------

Best fitness: -0.13688212927756654  best indiv:
[780] [] [789]
[780] [] [789]
[780] [] [789]
[780] [] [789]
[780] [] [789]
[780] [] [789]
[780] [] [789]
[780] [] [789]
[780] [] [789]
[780] [] [789]
[780] [] [789]
[780] [] [789]
X1=88-X3+88-X3+88-X3+X1+X1-X1+X1+61-X3+X1+61-X1+X1+61-X1+X1+61+88+X3+61-88+X1+61-X7+X1+61+88;print(X1);  =  -0.13688212927756654
Generation 40  ------------------------

Best fitness: -0.04562737642585551  best indiv:
[786] [] [789]
[786] [] [789]
[786] [] [789]
[786] [] [789]
[786] [] [789]
[786] [] [789]
[786] [] [789]
[786] [] [789]
[786] [] [789]
[786] [] [789]
[786] [] [789]
[786] [] [789]
X1=88-45+88-X3+88-X3+X1+X1-X1+X1+61-X3+X10+61-X1+X1+61-X1+X1+61+88+X3+61-38+X1+61-X7+X1+61+88;print(X1);  =  -0.04562737642585551
Generation 41  ------------------------

Best fitness: -0.13688212927756654  best indiv:
[780] [] [789]
[780] [] [789]
[780] [] [789]
[780] [] [789]
[780] [] [789]
[780] [] [789]
[780] [] [789]
[780] [] [789]
[780] [] [789]
[780] [] [789]
[780] [] [789]
[780] [] [789]
X1=88-X3+88-X3+88-X3+X1+X1-X1+X1+61-X3+X1+61-X1+X1+61-X1+X1+61+88+X3+61-88+X1+61-X7+X1+61+88;print(X1);  =  -0.13688212927756654
Generation 42  ------------------------

Best fitness: -0.13688212927756654  best indiv:
[780] [] [789]
[780] [] [789]
[780] [] [789]
[780] [] [789]
[780] [] [789]
[780] [] [789]
[780] [] [789]
[780] [] [789]
[780] [] [789]
[780] [] [789]
[780] [] [789]
[780] [] [789]
X1=88-X3+88-X3+88-X3+X1+X1-X1+X1+61-X3+X1+61-X1+X1+61-X1+X1+61+88+X3+61-88+X1+61-X7+X1+61+88;print(X1);  =  -0.13688212927756654
Generation 43  ------------------------

Best fitness: -0.13688212927756654  best indiv:
[780] [] [789]
[780] [] [789]
[780] [] [789]
[780] [] [789]
[780] [] [789]
[780] [] [789]
[780] [] [789]
[780] [] [789]
[780] [] [789]
[780] [] [789]
[780] [] [789]
[780] [] [789]
X1=88-X3+88-X3+88-X3+X1+X1-X1+X1+61-X3+X1+61-X1+X1+61-X1+X1+61+88+X3+61-88+X1+61-X7+X1+61+88;print(X1);  =  -0.13688212927756654
Generation 44  ------------------------

Best fitness: -0.13688212927756654  best indiv:
[780] [] [789]
[780] [] [789]
[780] [] [789]
[780] [] [789]
[780] [] [789]
[780] [] [789]
[780] [] [789]
[780] [] [789]
[780] [] [789]
[780] [] [789]
[780] [] [789]
[780] [] [789]
X1=88-X3+88-X3+88-X3+X1+X1-X1+X1+61-X3+X1+61-X1+X1+61-X1+X1+61+88+X3+61-88+X1+61-X7+X1+61+88;print(X1);  =  -0.13688212927756654

[900] [1] [789]
[900] [2] [789]
[900] [3] [789]
[900] [4] [789]
[900] [5] [789]
[900] [6] [789]
[900] [8] [789]
[900] [9] [789]
[900] [10] [789]
[900] [11] [789]
[900] [15] [789]
[900] [100] [789]
X1=X2*68-64;X1=X4*62-X2-64;X3=input;print(64+21/76-48/X1*60);  =  -1.688212927756654
Generation 40  ------------------------
Epochs without improvement: 1

Best fitness: -1.688212927756654  best indiv:
[900] [1] [789]
[900] [2] [789]
[900] [3] [789]
[900] [4] [789]
[900] [5] [789]
[900] [6] [789]
[900] [8] [789]
[900] [9] [789]
[900] [10] [789]
[900] [11] [789]
[900] [15] [789]
[900] [100] [789]
X1=X2*68-64;X1=X4*62-X2-64;X3=input;print(64+21/76-48/X1*60);  =  -1.688212927756654
Generation 41  ------------------------
Epochs without improvement: 2

Best fitness: -1.688212927756654  best indiv:
[900] [1] [789]
[900] [2] [789]
[900] [3] [789]
[900] [4] [789]
[900] [5] [789]
[900] [6] [789]
[900] [8] [789]
[900] [9] [789]
[900] [10] [789]
[900] [11] [789]
[900] [15] [789]
[900] [100] [789]
X1=X2*68-64;X1=X4*62-X2-64;X3=input;print(64+21/76-48/X1*60);  =  -1.688212927756654
Generation 42  ------------------------
Epochs without improvement: 3

Best fitness: -1.688212927756654  best indiv:
[900] [1] [789]
[900] [2] [789]
[900] [3] [789]
[900] [4] [789]
[900] [5] [789]
[900] [6] [789]
[900] [8] [789]
[900] [9] [789]
[900] [10] [789]
[900] [11] [789]
[900] [15] [789]
[900] [100] [789]
X1=X2*68-64;X1=X4*62-X2-64;X3=input;print(64+21/76-48/X1*60);  =  -1.688212927756654
Generation 43  ------------------------
Epochs without improvement: 4

Best fitness: -1.688212927756654  best indiv:
[900] [1] [789]
[900] [2] [789]
[900] [3] [789]
[900] [4] [789]
[900] [5] [789]
[900] [6] [789]
[900] [8] [789]
[900] [9] [789]
[900] [10] [789]
[900] [11] [789]
[900] [15] [789]
[900] [100] [789]
X1=X2*68-64;X1=X4*62-X2-64;X3=X4*62-X2-X2;print(64+21/76-48/X1*60);  =  -1.688212927756654
Generation 44  ------------------------
Epochs without improvement: 5

Best fitness: -1.688212927756654  best indiv:
[900] [1] [789]
[900] [2] [789]
[900] [3] [789]
[900] [4] [789]
[900] [5] [789]
[900] [6] [789]
[900] [8] [789]
[900] [9] [789]
[900] [10] [789]
[900] [11] [789]
[900] [15] [789]
[900] [100] [789]
X1=X2*68-64;X1=X4*62-X2-64;X3=X4*62-X2-X2;print(64+21/76-48/X1*60);  =  -1.688212927756654
Generation 45  ------------------------
Epochs without improvement: 6

Best fitness: -1.688212927756654  best indiv:
[900] [1] [789]
[900] [2] [789]
[900] [3] [789]
[900] [4] [789]
[900] [5] [789]
[900] [6] [789]
[900] [8] [789]
[900] [9] [789]
[900] [10] [789]
[900] [11] [789]
[900] [15] [789]
[900] [100] [789]
X1=X2*68-64;X1=X4*62-X2-64;X3=X4*62-X2-X2;print(64+21/76-48/X1*60);  =  -1.688212927756654
Generation 46  ------------------------
Epochs without improvement: 7

Best fitness: -1.688212927756654  best indiv:
[900] [1] [789]
[900] [2] [789]
[900] [3] [789]
[900] [4] [789]
[900] [5] [789]
[900] [6] [789]
[900] [8] [789]
[900] [9] [789]
[900] [10] [789]
[900] [11] [789]
[900] [15] [789]
[900] [100] [789]
X1=X2*68-64;X1=X4*62-X2-64;X3=input;print(64+21/76-48/X1*60);  =  -1.688212927756654
Generation 47  ------------------------
Epochs without improvement: 8

Best fitness: -0.13688212927756654  best indiv:
[780] [1] [789]
[780] [2] [789]
[780] [3] [789]
[780] [4] [789]
[780] [5] [789]
[780] [6] [789]
[780] [8] [789]
[780] [9] [789]
[780] [10] [789]
[780] [11] [789]
[780] [15] [789]
[780] [100] [789]
X1=65*X8-X7;X1=X5*62-X2-64;X3=X1*69-X2-X2;print(38+21/X1-20/X1*60);  =  -0.13688212927756654
Generation 48  ------------------------
Epochs without improvement: 0

Best fitness: -0.13688212927756654  best indiv:
[780] [1] [789]
[780] [2] [789]
[780] [3] [789]
[780] [4] [789]
[780] [5] [789]
[780] [6] [789]
[780] [8] [789]
[780] [9] [789]
[780] [10] [789]
[780] [11] [789]
[780] [15] [789]
[780] [100] [789]
X1=82-X7;X1=X5*62-X2-64;X3=X1*69-X2-X2;print(38+21/X1-20/X1*60);  =  -0.13688212927756654
Generation 49  ------------------------
Epochs without improvement: 1

Best fitness: -0.13688212927756654  best indiv:
[780] [1] [789]
[780] [2] [789]
[780] [3] [789]
[780] [4] [789]
[780] [5] [789]
[780] [6] [789]
[780] [8] [789]
[780] [9] [789]
[780] [10] [789]
[780] [11] [789]
[780] [15] [789]
[780] [100] [789]
X1=82-X7;X1=X5*62-X2-64;X3=X1*69-X2-X2;print(38+21/X1-20/X1*60);  =  -0.13688212927756654
Generation 50  ------------------------
Epochs without improvement: 2

Best fitness: -0.13688212927756654  best indiv:
[780] [1] [789]
[780] [2] [789]
[780] [3] [789]
[780] [4] [789]
[780] [5] [789]
[780] [6] [789]
[780] [8] [789]
[780] [9] [789]
[780] [10] [789]
[780] [11] [789]
[780] [15] [789]
[780] [100] [789]
X1=82-X7;X1=X5*62-X2-64;X3=X1*69-X2-X2;print(38+21/X1-20/X1*60);  =  -0.13688212927756654
Generation 51  ------------------------
Epochs without improvement: 3

Best fitness: -0.13688212927756654  best indiv:
[780] [1] [789]
[780] [2] [789]
[780] [3] [789]
[780] [4] [789]
[780] [5] [789]
[780] [6] [789]
[780] [8] [789]
[780] [9] [789]
[780] [10] [789]
[780] [11] [789]
[780] [15] [789]
[780] [100] [789]
X1=82-X7;X1=X5*62-X2-64;X3=X1*69-X2-X2;print(38+21/X1-20/X1*60);  =  -0.13688212927756654
Generation 52  ------------------------
Epochs without improvement: 4

Best fitness: -0.13688212927756654  best indiv:
[780] [1] [789]
[780] [2] [789]
[780] [3] [789]
[780] [4] [789]
[780] [5] [789]
[780] [6] [789]
[780] [8] [789]
[780] [9] [789]
[780] [10] [789]
[780] [11] [789]
[780] [15] [789]
[780] [100] [789]
X1=65*X8-X7;X1=X5*62-X3-64;X3=X1*69-X2-X2;print(38+21/X1-20/X1*60);  =  -0.13688212927756654
Generation 53  ------------------------
Epochs without improvement: 5

Best fitness: -0.13688212927756654  best indiv:
[780] [1] [789]
[780] [2] [789]
[780] [3] [789]
[780] [4] [789]
[780] [5] [789]
[780] [6] [789]
[780] [8] [789]
[780] [9] [789]
[780] [10] [789]
[780] [11] [789]
[780] [15] [789]
[780] [100] [789]
X1=65*X8-X7;X1=X5*62-X3-64;X3=X1*69-X7-X2;print(38+21/X1-20/X1*60);  =  -0.13688212927756654
Generation 54  ------------------------
Epochs without improvement: 6

Best fitness: -0.13688212927756654  best indiv:
[780] [1] [789]
[780] [2] [789]
[780] [3] [789]
[780] [4] [789]
[780] [5] [789]
[780] [6] [789]
[780] [8] [789]
[780] [9] [789]
[780] [10] [789]
[780] [11] [789]
[780] [15] [789]
[780] [100] [789]
X1=65*X8-X7;X1=X5*62-X3-64;X3=X1*69-X7-X2;print(38+21/X1-20/X1*60);  =  -0.13688212927756654
Generation 55  ------------------------
Epochs without improvement: 7

Best fitness: -0.13688212927756654  best indiv:
[780] [1] [789]
[780] [2] [789]
[780] [3] [789]
[780] [4] [789]
[780] [5] [789]
[780] [6] [789]
[780] [8] [789]
[780] [9] [789]
[780] [10] [789]
[780] [11] [789]
[780] [15] [789]
[780] [100] [789]
X1=65*X8-X7;X1=X5*62-X3-64;X3=X1*69-X7-X2;print(38+21/X1-20/X1*60);  =  -0.13688212927756654
Generation 56  ------------------------
Epochs without improvement: 8

Best fitness: -0.13688212927756654  best indiv:
[780] [1] [789]
[780] [2] [789]
[780] [3] [789]
[780] [4] [789]
[780] [5] [789]
[780] [6] [789]
[780] [8] [789]
[780] [9] [789]
[780] [10] [789]
[780] [11] [789]
[780] [15] [789]
[780] [100] [789]
X1=65*X8-X7;X1=X5*62-X2-64;X3=X1*69-X2-X2;print(38+21/X1-20/X1*60);  =  -0.13688212927756654
Generation 57  ------------------------
Epochs without improvement: 9

Best fitness: -0.13688212927756654  best indiv:
[780] [1] [789]
[780] [2] [789]
[780] [3] [789]
[780] [4] [789]
[780] [5] [789]
[780] [6] [789]
[780] [8] [789]
[780] [9] [789]
[780] [10] [789]
[780] [11] [789]
[780] [15] [789]
[780] [100] [789]
X1=65*X8-X7;X1=X5*62-X2-64;X3=X1*69-X2-X2;print(38+21/X1-20/X1*60);  =  -0.13688212927756654
Generation 58  ------------------------
Epochs without improvement: 10

Best fitness: -0.13688212927756654  best indiv:
[780] [1] [789]
[780] [2] [789]
[780] [3] [789]
[780] [4] [789]
[780] [5] [789]
[780] [6] [789]
[780] [8] [789]
[780] [9] [789]
[780] [10] [789]
[780] [11] [789]
[780] [15] [789]
[780] [100] [789]
X1=X5*62-X2-64-X7;X1=X5*62-X3-64;X3=X1*X2-X7-X2;print(38+21/X1-20/X1*60);  =  -0.13688212927756654
Generation 59  ------------------------
Epochs without improvement: 11

Best fitness: -0.13688212927756654  best indiv:
[780] [1] [789]
[780] [2] [789]
[780] [3] [789]
[780] [4] [789]
[780] [5] [789]
[780] [6] [789]
[780] [8] [789]
[780] [9] [789]
[780] [10] [789]
[780] [11] [789]
[780] [15] [789]
[780] [100] [789]
X1=65*X8-X7;X1=X5*62-X2-64;X3=X1*X5*X2-64-X2-X2;print(38+21/X1-20/X1*60);  =  -0.13688212927756654
Generation 60  ------------------------
Epochs without improvement: 12

Best fitness: -0.13688212927756654  best indiv:
[780] [1] [789]
[780] [2] [789]
[780] [3] [789]
[780] [4] [789]
[780] [5] [789]
[780] [6] [789]
[780] [8] [789]
[780] [9] [789]
[780] [10] [789]
[780] [11] [789]
[780] [15] [789]
[780] [100] [789]
X1=65*X8-X7;X1=X5*62-X2-64;X3=X1*X5*X2-64-X2-X2;print(38+21/X1-20/X1*60);  =  -0.13688212927756654
Generation 61  ------------------------
Epochs without improvement: 13

Best fitness: -0.13688212927756654  best indiv:
[780] [1] [789]
[780] [2] [789]
[780] [3] [789]
[780] [4] [789]
[780] [5] [789]
[780] [6] [789]
[780] [8] [789]
[780] [9] [789]
[780] [10] [789]
[780] [11] [789]
[780] [15] [789]
[780] [100] [789]
X1=65*X8-X7;X1=X5*62-X2-64;X3=X1*X5*X2-64-X2-X2;print(38+21/X1-20/X1*60);  =  -0.13688212927756654
Generation 62  ------------------------
Epochs without improvement: 14

Best fitness: -0.13688212927756654  best indiv:
[780] [1] [789]
[780] [2] [789]
[780] [3] [789]
[780] [4] [789]
[780] [5] [789]
[780] [6] [789]
[780] [8] [789]
[780] [9] [789]
[780] [10] [789]
[780] [11] [789]
[780] [15] [789]
[780] [100] [789]
X1=65*X8-X7;X1=X5*62-X2-64;X3=X1*X1*X1*60-X3-64-X2-X2;print(38+21/X1-20/X1*60);  =  -0.13688212927756654
Generation 63  ------------------------
Epochs without improvement: 15

Best fitness: -0.13688212927756654  best indiv:
[780] [1] [789]
[780] [2] [789]
[780] [3] [789]
[780] [4] [789]
[780] [5] [789]
[780] [6] [789]
[780] [8] [789]
[780] [9] [789]
[780] [10] [789]
[780] [11] [789]
[780] [15] [789]
[780] [100] [789]
X1=65*X8-X7;X1=X5*62-X2-64;X3=X1*21-64-X2-X2;print(38+21/X1-20/X1*60);  =  -0.13688212927756654
Generation 64  ------------------------
Epochs without improvement: 16

Best fitness: -0.13688212927756654  best indiv:
[780] [1] [789]
[780] [2] [789]
[780] [3] [789]
[780] [4] [789]
[780] [5] [789]
[780] [6] [789]
[780] [8] [789]
[780] [9] [789]
[780] [10] [789]
[780] [11] [789]
[780] [15] [789]
[780] [100] [789]
X1=65*X8-X7;X1=X5*62-X2-64;X3=X1*21-64-X2-X2;print(38+21/X1-20/X1*60);  =  -0.13688212927756654
Generation 65  ------------------------
Epochs without improvement: 17

Best fitness: -0.13688212927756654  best indiv:
[780] [1] [789]
[780] [2] [789]
[780] [3] [789]
[780] [4] [789]
[780] [5] [789]
[780] [6] [789]
[780] [8] [789]
[780] [9] [789]
[780] [10] [789]
[780] [11] [789]
[780] [15] [789]
[780] [100] [789]
X1=X1*62-X3-64-X2;X1=X5*62-X2-64;X3=X2*X5*62-X3-64-X2-X2;print(38+21/X1-20/X1*60);  =  -0.13688212927756654
Generation 66  ------------------------
Epochs without improvement: 18

Best fitness: -0.13688212927756654  best indiv:
[780] [1] [789]
[780] [2] [789]
[780] [3] [789]
[780] [4] [789]
[780] [5] [789]
[780] [6] [789]
[780] [8] [789]
[780] [9] [789]
[780] [10] [789]
[780] [11] [789]
[780] [15] [789]
[780] [100] [789]
X1=X1*62-X3-64-X2;X1=X5*62-X2-64;X3=X2*X5*62-X3-64-X2-X2;print(38+21/X1-20/X1*60);  =  -0.13688212927756654
Generation 67  ------------------------
Epochs without improvement: 19

Best fitness: -0.13688212927756654  best indiv:
[780] [1] [789]
[780] [2] [789]
[780] [3] [789]
[780] [4] [789]
[780] [5] [789]
[780] [6] [789]
[780] [8] [789]
[780] [9] [789]
[780] [10] [789]
[780] [11] [789]
[780] [15] [789]
[780] [100] [789]
X1=X1*62-X3-64-X2;X1=X5*62-X2-64;X3=X2*X5*62-X3-64-X2-X2;print(38+21/X1-20/X1*60);  =  -0.13688212927756654
Generation 68  ------------------------
Epochs without improvement: 20

Best fitness: -0.13688212927756654  best indiv:
[780] [1] [789]
[780] [2] [789]
[780] [3] [789]
[780] [4] [789]
[780] [5] [789]
[780] [6] [789]
[780] [8] [789]
[780] [9] [789]
[780] [10] [789]
[780] [11] [789]
[780] [15] [789]
[780] [100] [789]
X1=X1*38+21/X1-20/X1*60-64-X2;X1=X5*62-X2-64;X3=X1*X5*62-X3-64-X2-X3;print(38+21/X1-20/X1*60);  =  -0.13688212927756654
Generation 69  ------------------------
Epochs without improvement: 21

Best fitness: -0.13688212927756654  best indiv:
[780] [1] [789]
[780] [2] [789]
[780] [3] [789]
[780] [4] [789]
[780] [5] [789]
[780] [6] [789]
[780] [8] [789]
[780] [9] [789]
[780] [10] [789]
[780] [11] [789]
[780] [15] [789]
[780] [100] [789]
X1=X1*62-X3-64-X2;X1=X5*62-X5-64;X3=X5*62-X3-X2;print(38+21/X1-20/X1*60);  =  -0.13688212927756654
Generation 70  ------------------------
Epochs without improvement: 22

Best fitness: -0.13688212927756654  best indiv:
[780] [1] [789]
[780] [2] [789]
[780] [3] [789]
[780] [4] [789]
[780] [5] [789]
[780] [6] [789]
[780] [8] [789]
[780] [9] [789]
[780] [10] [789]
[780] [11] [789]
[780] [15] [789]
[780] [100] [789]
X1=X1*62-X3-64-X2;X1=X5*62-X5-64;X3=X5*62-X3-X2;print(38+21/X1-20/X1*60);  =  -0.13688212927756654
Generation 71  ------------------------
Epochs without improvement: 23

Best fitness: -0.13688212927756654  best indiv:
[780] [1] [789]
[780] [2] [789]
[780] [3] [789]
[780] [4] [789]
[780] [5] [789]
[780] [6] [789]
[780] [8] [789]
[780] [9] [789]
[780] [10] [789]
[780] [11] [789]
[780] [15] [789]
[780] [100] [789]
X1=X1*62-X3-64-X2;X1=X5*62-X5-64;X3=X1*X5*62-X3-64-X2-X2;print(38+21/X1-20/X1*60);  =  -0.13688212927756654
Generation 72  ------------------------
Epochs without improvement: 24

Best fitness: -0.13688212927756654  best indiv:
[780] [1] [789]
[780] [2] [789]
[780] [3] [789]
[780] [4] [789]
[780] [5] [789]
[780] [6] [789]
[780] [8] [789]
[780] [9] [789]
[780] [10] [789]
[780] [11] [789]
[780] [15] [789]
[780] [100] [789]
X1=X1*62-X3-64-X2;X1=X5*62-X5-64;X3=X1-20-X2;print(38+21/X1-20/X1*60);  =  -0.13688212927756654
Generation 73  ------------------------
Epochs without improvement: 25

Best fitness: -0.13688212927756654  best indiv:
[780] [1] [789]
[780] [2] [789]
[780] [3] [789]
[780] [4] [789]
[780] [5] [789]
[780] [6] [789]
[780] [8] [789]
[780] [9] [789]
[780] [10] [789]
[780] [11] [789]
[780] [15] [789]
[780] [100] [789]
X1=X1*62-X3-64-X2;X1=X5*62-X5-64;X3=X1-20-X2;print(38+21/X1-20/X1*60);  =  -0.13688212927756654
Generation 74  ------------------------
Epochs without improvement: 26

Best fitness: -0.13688212927756654  best indiv:
[780] [1] [789]
[780] [2] [789]
[780] [3] [789]
[780] [4] [789]
[780] [5] [789]
[780] [6] [789]
[780] [8] [789]
[780] [9] [789]
[780] [10] [789]
[780] [11] [789]
[780] [15] [789]
[780] [100] [789]
X1=X1*62-X3-64-X2;X1=X5*62-X2-64;X3=X1*X5*X1-64-X3-X2;print(38+21/X1-20/X1*60);  =  -0.13688212927756654
Generation 75  ------------------------
Epochs without improvement: 27

Best fitness: -0.13688212927756654  best indiv:
[780] [1] [789]
[780] [2] [789]
[780] [3] [789]
[780] [4] [789]
[780] [5] [789]
[780] [6] [789]
[780] [8] [789]
[780] [9] [789]
[780] [10] [789]
[780] [11] [789]
[780] [15] [789]
[780] [100] [789]
X1=20;X1=X5*62-X2-64;X3=X1*X5*62-X3-64-X3-X2;print(38+21/X1-20/X1*60);  =  -0.13688212927756654
Generation 76  ------------------------
Epochs without improvement: 28

Best fitness: -0.13688212927756654  best indiv:
[780] [1] [789]
[780] [2] [789]
[780] [3] [789]
[780] [4] [789]
[780] [5] [789]
[780] [6] [789]
[780] [8] [789]
[780] [9] [789]
[780] [10] [789]
[780] [11] [789]
[780] [15] [789]
[780] [100] [789]
X1=20;X1=X5*62-X2-64;X3=X1*X5*62-X3-64-X3-X2;print(38+21/X1-20/X1*60);  =  -0.13688212927756654
Generation 77  ------------------------
Epochs without improvement: 29

Best fitness: -0.13688212927756654  best indiv:
[780] [1] [789]
[780] [2] [789]
[780] [3] [789]
[780] [4] [789]
[780] [5] [789]
[780] [6] [789]
[780] [8] [789]
[780] [9] [789]
[780] [10] [789]
[780] [11] [789]
[780] [15] [789]
[780] [100] [789]
X1=X1*62-X3-64-X2;X1=X5*62-X5-64;X3=X3*62-X3-64-X3;print(38+21/X1-20/X1*60);  =  -0.13688212927756654
Generation 78  ------------------------
Epochs without improvement: 30

Best fitness: -0.13688212927756654  best indiv:
[780] [1] [789]
[780] [2] [789]
[780] [3] [789]
[780] [4] [789]
[780] [5] [789]
[780] [6] [789]
[780] [8] [789]
[780] [9] [789]
[780] [10] [789]
[780] [11] [789]
[780] [15] [789]
[780] [100] [789]
X1=38+21/X1-20;X1=X5*62-X5-64;X3=X3*62-X3-64-X3;print(38+21/X1-20/X1*60);  =  -0.13688212927756654
Generation 79  ------------------------
Epochs without improvement: 31

Best fitness: -0.13688212927756654  best indiv:
[780] [1] [789]
[780] [2] [789]
[780] [3] [789]
[780] [4] [789]
[780] [5] [789]
[780] [6] [789]
[780] [8] [789]
[780] [9] [789]
[780] [10] [789]
[780] [11] [789]
[780] [15] [789]
[780] [100] [789]
X1=X1*62-X3-64-X2;X1=X5*62-X5-64;X3=X3*62-X3-64-X3;print(38+21/X1-20/X1*60);  =  -0.13688212927756654
Generation 80  ------------------------
Epochs without improvement: 32

Best fitness: -0.13688212927756654  best indiv:
[780] [1] [789]
[780] [2] [789]
[780] [3] [789]
[780] [4] [789]
[780] [5] [789]
[780] [6] [789]
[780] [8] [789]
[780] [9] [789]
[780] [10] [789]
[780] [11] [789]
[780] [15] [789]
[780] [100] [789]
X1=X1*62-X3-64-X2;X1=X5*62-X5-64;X3=X2-64-X3;print(38+21/X1-20/X1*60);  =  -0.13688212927756654
Generation 81  ------------------------
Epochs without improvement: 33

Best fitness: -0.13688212927756654  best indiv:
[780] [1] [789]
[780] [2] [789]
[780] [3] [789]
[780] [4] [789]
[780] [5] [789]
[780] [6] [789]
[780] [8] [789]
[780] [9] [789]
[780] [10] [789]
[780] [11] [789]
[780] [15] [789]
[780] [100] [789]
X1=X1*62-X3-64-X2;X1=X5*62-X5-64;X3=X2-64-X3;print(38+21/X1-20/X1*60);  =  -0.13688212927756654
Generation 82  ------------------------
Epochs without improvement: 34

Best fitness: -0.13688212927756654  best indiv:
[780] [1] [789]
[780] [2] [789]
[780] [3] [789]
[780] [4] [789]
[780] [5] [789]
[780] [6] [789]
[780] [8] [789]
[780] [9] [789]
[780] [10] [789]
[780] [11] [789]
[780] [15] [789]
[780] [100] [789]
X1=X1*X5*62-X5-64-64-X2;X1=X5*62-X5-64;X3=X3*62-X3-64-X3;print(38+21/X1-20/X1*60);  =  -0.13688212927756654
Generation 83  ------------------------
Epochs without improvement: 35

Best fitness: -0.13688212927756654  best indiv:
[780] [1] [789]
[780] [2] [789]
[780] [3] [789]
[780] [4] [789]
[780] [5] [789]
[780] [6] [789]
[780] [8] [789]
[780] [9] [789]
[780] [10] [789]
[780] [11] [789]
[780] [15] [789]
[780] [100] [789]
X1=X1*X5*62-X5-64-64-X2;X1=X5*62-X5-64;X3=X3*62-X3-64-X3;print(38+21/X1-20/X1*60);  =  -0.13688212927756654
Generation 84  ------------------------
Epochs without improvement: 36

Best fitness: -0.13688212927756654  best indiv:
[780] [1] [789]
[780] [2] [789]
[780] [3] [789]
[780] [4] [789]
[780] [5] [789]
[780] [6] [789]
[780] [8] [789]
[780] [9] [789]
[780] [10] [789]
[780] [11] [789]
[780] [15] [789]
[780] [100] [789]
X1=X1*X3-64-X1;X1=X5*62-X5-64;X3=X2-64-X3;print(38+21/X1-20/X1*60);  =  -0.13688212927756654
Generation 85  ------------------------
Epochs without improvement: 37

Best fitness: -2.8745247148288975  best indiv:
[600] [1] [789]
[600] [2] [789]
[600] [3] [789]
[600] [4] [789]
[600] [5] [789]
[600] [6] [789]
[600] [8] [789]
[600] [9] [789]
[600] [10] [789]
[600] [11] [789]
[600] [15] [789]
[600] [100] [789]
X1=64-62-X3-X2;X1=X5*62-X5-64;X3=X3*64-X2-64-X3;print(38+X9-X2/X1-20/X1*60);  =  -2.8745247148288975
Generation 86  ------------------------
Epochs without improvement: 0

Best fitness: -2.8745247148288975  best indiv:
[600] [1] [789]
[600] [2] [789]
[600] [3] [789]
[600] [4] [789]
[600] [5] [789]
[600] [6] [789]
[600] [8] [789]
[600] [9] [789]
[600] [10] [789]
[600] [11] [789]
[600] [15] [789]
[600] [100] [789]
X1=X1-62-X3-X2;X1=X5*62-X5-64;X3=X3*64-X2-64-X3;print(38+X9-X2/X1-20/X1*60);  =  -2.8745247148288975
Generation 87  ------------------------
Epochs without improvement: 1

Best fitness: -2.8745247148288975  best indiv:
[600] [1] [789]
[600] [2] [789]
[600] [3] [789]
[600] [4] [789]
[600] [5] [789]
[600] [6] [789]
[600] [8] [789]
[600] [9] [789]
[600] [10] [789]
[600] [11] [789]
[600] [15] [789]
[600] [100] [789]
X1=X1-62-X3-X2;X1=X5*62-X5-64;X3=X3*64-X2-64-X3;print(38+X9-X2/X1-20/X1*60);  =  -2.8745247148288975
Generation 88  ------------------------
Epochs without improvement: 2

Best fitness: -2.8745247148288975  best indiv:
[600] [1] [789]
[600] [2] [789]
[600] [3] [789]
[600] [4] [789]
[600] [5] [789]
[600] [6] [789]
[600] [8] [789]
[600] [9] [789]
[600] [10] [789]
[600] [11] [789]
[600] [15] [789]
[600] [100] [789]
X1=X1-62-X3-X2;X1=X5*62-X5-64;X3=X3*64-X2-64-X3;print(38+X9-X2/X1-20/X1*60);  =  -2.8745247148288975
Generation 89  ------------------------
Epochs without improvement: 3

Best fitness: -2.8745247148288975  best indiv:
[600] [1] [789]
[600] [2] [789]
[600] [3] [789]
[600] [4] [789]
[600] [5] [789]
[600] [6] [789]
[600] [8] [789]
[600] [9] [789]
[600] [10] [789]
[600] [11] [789]
[600] [15] [789]
[600] [100] [789]
X1=X1-62-X3-X2;X1=X5*62-X5-64;X3=X3*64-X2-64-X3;print(38+X9-X2/X1-20/X1*60);  =  -2.8745247148288975
Generation 90  ------------------------
Epochs without improvement: 4

Best fitness: -2.8745247148288975  best indiv:
[600] [1] [789]
[600] [2] [789]
[600] [3] [789]
[600] [4] [789]
[600] [5] [789]
[600] [6] [789]
[600] [8] [789]
[600] [9] [789]
[600] [10] [789]
[600] [11] [789]
[600] [15] [789]
[600] [100] [789]
X1=X1-38-X2;X1=X5*62-X5-64;X3=X3*64-X2-64-X3;print(38+X9-X2/X1-20/X1*60);  =  -2.8745247148288975
Generation 91  ------------------------
Epochs without improvement: 5

Best fitness: -1.9619771863117867  best indiv:
[660] [1] [789]
[660] [2] [789]
[660] [3] [789]
[660] [4] [789]
[660] [5] [789]
[660] [6] [789]
[660] [8] [789]
[660] [9] [789]
[660] [10] [789]
[660] [11] [789]
[660] [15] [789]
[660] [100] [789]
X1=X1-38-X2;X1=X5*62-X5-64;X3=X3*64-X2-64-X3;print(38+X9-X3/X1-20/X1*60);  =  -1.9619771863117867
Generation 92  ------------------------
Epochs without improvement: 0

Best fitness: -1.9619771863117867  best indiv:
[660] [1] [789]
[660] [2] [789]
[660] [3] [789]
[660] [4] [789]
[660] [5] [789]
[660] [6] [789]
[660] [8] [789]
[660] [9] [789]
[660] [10] [789]
[660] [11] [789]
[660] [15] [789]
[660] [100] [789]
X1=X1-38-X2;X1=X5*62-X5-64;X3=X3*64-X2-64-X3;print(38+X9-X3/X1-20/X1*60);  =  -1.9619771863117867
Generation 93  ------------------------
Epochs without improvement: 1

Best fitness: -1.9619771863117867  best indiv:
[660] [1] [789]
[660] [2] [789]
[660] [3] [789]
[660] [4] [789]
[660] [5] [789]
[660] [6] [789]
[660] [8] [789]
[660] [9] [789]
[660] [10] [789]
[660] [11] [789]
[660] [15] [789]
[660] [100] [789]
X1=X1-38-X2;X1=X5*62-X5-64;X3=X3*64-X2-64-X3;print(38+X9-X3/X1-20/X1*60);  =  -1.9619771863117867
Generation 94  ------------------------
Epochs without improvement: 2

Best fitness: -1.9619771863117867  best indiv:
[660] [1] [789]
[660] [2] [789]
[660] [3] [789]
[660] [4] [789]
[660] [5] [789]
[660] [6] [789]
[660] [8] [789]
[660] [9] [789]
[660] [10] [789]
[660] [11] [789]
[660] [15] [789]
[660] [100] [789]
X1=X1-38-X2;X1=X5*62-X5-64;X3=X3*64-X2-64-X3;print(38+X9-X3/X1-20/X1*60);  =  -1.9619771863117867
Generation 95  ------------------------
Epochs without improvement: 3

Best fitness: -1.9619771863117867  best indiv:
[660] [1] [789]
[660] [2] [789]
[660] [3] [789]
[660] [4] [789]
[660] [5] [789]
[660] [6] [789]
[660] [8] [789]
[660] [9] [789]
[660] [10] [789]
[660] [11] [789]
[660] [15] [789]
[660] [100] [789]
X1=X1-38-X2;X1=X5*62-X5-64;X3=X3*64-X2-64-X3;print(38+X9-X3/X1-20/X1*60);  =  -1.9619771863117867
Generation 96  ------------------------
Epochs without improvement: 4

Best fitness: -1.9619771863117867  best indiv:
[660] [1] [789]
[660] [2] [789]
[660] [3] [789]
[660] [4] [789]
[660] [5] [789]
[660] [6] [789]
[660] [8] [789]
[660] [9] [789]
[660] [10] [789]
[660] [11] [789]
[660] [15] [789]
[660] [100] [789]
X1=X1-38-X2;X1=X5*62-X5-64;X3=X3*64-X2-64-X3;print(38+X9-X3/X1-20/X1*60);  =  -1.9619771863117867
Generation 97  ------------------------
Epochs without improvement: 5

Best fitness: -1.9619771863117867  best indiv:
[660] [1] [789]
[660] [2] [789]
[660] [3] [789]
[660] [4] [789]
[660] [5] [789]
[660] [6] [789]
[660] [8] [789]
[660] [9] [789]
[660] [10] [789]
[660] [11] [789]
[660] [15] [789]
[660] [100] [789]
X1=X1-38-X2;X1=X5*62-X5-64;X3=X3*64-X2-64-X3;print(38+X9-X3/X1-20/X1*60);  =  -1.9619771863117867
Generation 98  ------------------------
Epochs without improvement: 6

Best fitness: -1.9619771863117867  best indiv:
[660] [1] [789]
[660] [2] [789]
[660] [3] [789]
[660] [4] [789]
[660] [5] [789]
[660] [6] [789]
[660] [8] [789]
[660] [9] [789]
[660] [10] [789]
[660] [11] [789]
[660] [15] [789]
[660] [100] [789]
X1=X1-38-X2;X1=X5*62-X5-64;X3=X3*64-X2-64-X3;print(38+X9-X3/X1-20/X1*60);  =  -1.9619771863117867
Generation 99  ------------------------
Epochs without improvement: 7

Best fitness: -0.13688212927756654  best indiv:
[780] [1] [789]
[780] [2] [789]
[780] [3] [789]
[780] [4] [789]
[780] [5] [789]
[780] [6] [789]
[780] [8] [789]
[780] [9] [789]
[780] [10] [789]
[780] [11] [789]
[780] [15] [789]
[780] [100] [789]
X1=X1*X1-X3*53-X2-64-X3-X3-X2;X1=X5*62-X5-64;X3=X3*X2-X2-64-X3;print(38+20/X1-20/X1*60);  =  -0.13688212927756654